% 	X	Y	Z	Value	
1	13.614	11.804	0	84.667	
2	13.286	10.519	0	41	
3	13.024	10.689	0	39	
4	13.078	10.651	0	48.667	
5	13.149	10.667	0	37.667	
6	13.095	10.607	0	35.333	
7	13.237	10.672	0	49.667	
8	13.368	10.672	0	51.667	
9	13.417	10.618	0	36.333	
10	13.357	10.590	0	39.667	
11	13.630	10.405	0	46.667	
12	13.592	10.344	0	31.667	
13	12.996	10.569	0	61.667	
14	12.985	10.454	0	39.333	
15	12.952	9.951	0	39.333	
16	12.980	9.721	0	37	
17	13.253	9.705	0	30.667	
18	13.242	9.475	0	35.333	
19	13.100	9.508	0	36.333	
20	12.931	9.508	0	20	
21	12.646	9.694	0	35	
22	12.717	9.825	0	41.667	
23	12.603	9.929	0	42.667	
24	12.094	9.688	0	47	
25	12.564	10.268	0	31.667	
26	13.477	9.989	0	32.667	
27	13.723	9.699	0	41.333	
28	13.663	9.858	0	50	
29	13.270	10.066	0	38.333	
30	12.952	10.224	0	38	
31	13.089	10.273	0	52.667	
32	13.286	10.301	0	34.333	
33	13.155	10.388	0	35	
34	14.440	9.366	0	47.667	
35	14.418	9.792	0	43	
36	14.303	9.929	0	63	
37	14.183	9.891	0	30.667	
38	14.144	10.005	0	29	
39	14.062	10.060	0	22	
40	14.040	10.159	0	47.667	
41	13.942	10.219	0	42.333	
42	14.062	10.273	0	29	
43	13.773	10.219	0	61.333	
44	14.144	10.355	0	27.667	
45	14.057	10.459	0	32.333	
46	13.773	10.443	0	38	
47	14.057	10.656	0	44.667	
48	14.188	10.683	0	40	
49	14.002	10.585	0	50	
50	13.909	10.623	0	41	
51	13.920	10.689	0	49	
52	13.543	10.656	0	51	
53	13.756	10.722	0	58	
54	13.855	10.804	0	56	
55	14.073	10.826	0	53.333	
56	14.177	10.815	0	48.667	
57	14.232	10.776	0	31.667	
58	14.308	10.853	0	49.667	
59	14.303	10.946	0	54.667	
60	14.560	10.771	0	48	
61	14.642	10.678	0	58	
62	14.697	10.552	0	36.333	
63	14.669	10.487	0	28	
64	14.533	10.339	0	49.333	
65	14.483	10.279	0	60.667	
66	14.533	10.241	0	44	
67	14.161	10.525	0	55.333	
68	14.369	10.711	0	37.667	
69	14.226	10.612	0	24.333	
70	14.494	10.541	0	62	
71	14.276	10.344	0	22.333	
72	14.341	10.213	0	37.333	
73	14.697	10.290	0	51	
74	14.926	10.317	0	43.333	
75	14.981	10.399	0	36.667	
76	15.036	10.213	0	43.667	
77	15.150	10.235	0	36.667	
78	15.183	10.426	0	59.667	
79	15.249	10.421	0	49.333	
80	15.221	10.514	0	41.667	
81	15.079	10.651	0	51.667	
82	15.008	10.601	0	61.333	
83	15.161	10.601	0	39	
84	14.604	10.891	0	38.667	
85	14.800	10.919	0	69	
86	14.937	10.984	0	56	
87	15.052	10.957	0	26.333	
88	15.090	10.902	0	35.333	
89	15.112	10.847	0	44	
90	15.046	10.744	0	39.333	
91	15.068	10.826	0	54.667	
92	14.992	10.869	0	21.333	
93	14.915	10.842	0	53.333	
94	14.773	10.831	0	44.333	
95	15.254	10.940	0	68.667	
96	15.282	10.662	0	31.667	
97	15.325	10.580	0	37	
98	14.779	11.646	0	57	
99	14.850	11.629	0	59.667	
100	14.948	11.580	0	43.333	
101	15.036	11.580	0	48.333	
102	15.128	11.607	0	30.333	
103	15.232	11.613	0	58.667	
104	15.167	11.684	0	32.667	
105	15.227	11.553	0	37	
106	15.320	11.668	0	38	
107	15.216	11.815	0	79	
108	15.150	11.870	0	36.667	
109	15.112	11.826	0	31	
110	15.068	11.804	0	37.333	
111	15.096	11.755	0	35.667	
112	14.926	11.897	0	35.333	
113	14.926	11.974	0	28.333	
114	14.707	11.558	0	47.667	
115	14.757	11.487	0	37.333	
116	15.254	11.154	0	60.667	
117	15.298	11.110	0	74	
118	15.134	11.017	0	41.667	
119	15.210	11.006	0	33.333	
120	15.194	11.137	0	51	
121	15.112	11.077	0	46	
122	15.107	11.159	0	50.333	
123	15.107	11.279	0	42	
124	14.986	11.093	0	67.333	
125	14.888	11.093	0	39.333	
126	14.795	11.061	0	56.667	
127	14.811	11.203	0	25.667	
128	14.800	11.296	0	43.667	
129	14.686	10.995	0	42.667	
130	14.604	11.055	0	78	
131	14.669	11.137	0	60.667	
132	14.724	11.307	0	33	
133	14.598	11.181	0	33	
134	14.647	11.301	0	44	
135	14.664	11.230	0	65	
136	14.631	11.400	0	54.333	
137	14.986	11.465	0	30.667	
138	14.975	11.350	0	36.667	
139	15.019	11.268	0	29	
140	14.910	11.498	0	44	
141	12.072	9.010	0	27	
142	11.788	9.869	0	35	
143	11.684	10.071	0	39	
144	11.700	10.120	0	24.667	
145	12.160	10.301	0	41.667	
146	12.083	10.372	0	29.333	
147	11.761	10.640	0	28.667	
148	11.011	10.590	0	25.333	
149	11.662	10.711	0	37.333	
150	11.859	10.394	0	26	
151	11.022	10.968	0	37	
152	11.099	11.044	0	23.333	
153	11.186	10.968	0	25.333	
154	11.252	10.847	0	39.667	
155	11.274	10.711	0	32.667	
156	11.159	10.776	0	25.667	
157	10.055	10.864	0	31	
158	10.262	10.924	0	32	
159	9.623	10.826	0	39.333	
160	10.208	11.055	0	26.333	
161	10.005	11.165	0	39.333	
162	9.738	11.307	0	33	
163	9.699	11.454	0	33.667	
164	10.016	11.487	0	32.667	
165	10.104	11.252	0	28	
166	10.421	11.646	0	34.667	
167	10.202	11.881	0	43.667	
168	10.213	11.957	0	26.333	
169	10.202	12.061	0	33.667	
170	9.623	11.892	0	42.333	
171	11.892	10.705	0	33.667	
172	11.908	10.864	0	33.667	
173	11.881	10.809	0	41.667	
174	11.591	10.755	0	46	
175	11.569	10.858	0	34	
176	11.558	11.006	0	52	
177	11.427	10.940	0	27.333	
178	11.372	11.061	0	23.333	
179	10.924	11.258	0	36.667	
180	11.148	11.126	0	30.667	
181	11.214	11.329	0	30.333	
182	11.230	11.258	0	25.667	
183	10.738	11.689	0	80	
184	10.662	11.673	0	27	
185	10.727	11.607	0	37.333	
186	10.820	11.679	0	51.333	
187	10.798	11.739	0	27	
188	10.563	11.793	0	30.333	
189	10.809	12.061	0	32	
190	10.886	11.974	0	29	
191	10.979	11.886	0	28.667	
192	11.072	11.853	0	24	
193	10.968	11.771	0	29.333	
194	11.055	11.613	0	23	
195	11.093	11.744	0	36.667	
196	11.208	11.815	0	43	
197	11.279	11.799	0	56	
198	11.225	11.722	0	52	
199	11.022	11.143	0	32.667	
200	9.273	10.853	0	42.333	
201	9.464	11.531	0	50.667	
202	8.879	11.400	0	33.333	
203	8.819	11.126	0	57	
204	8.551	11.487	0	26	
205	8.732	12.028	0	36.333	
206	7.474	11.575	0	35.667	
207	8.070	11.755	0	27.667	
208	7.747	12.788	0	33.667	
209	7.704	12.892	0	30	
210	7.988	12.870	0	35.667	
211	8.403	12.291	0	54	
212	8.781	12.340	0	62.667	
213	8.917	12.471	0	35.333	
214	9.235	11.903	0	31.333	
215	9.437	12.110	0	42	
216	9.349	12.302	0	32.667	
217	9.497	12.417	0	36.667	
218	9.043	12.794	0	31	
219	9.213	12.761	0	29.667	
220	9.284	12.641	0	31.667	
221	9.492	12.657	0	47.667	
222	9.470	12.788	0	54.667	
223	7.239	12.422	0	70.667	
224	7.146	12.116	0	37.667	
225	6.818	12.078	0	35	
226	6.905	12.706	0	36	
227	8.070	13.997	0	30.667	
228	8.311	13.909	0	35.333	
229	7.141	14.221	0	50	
230	7.315	13.898	0	36	
231	8.644	15.150	0	71.667	
232	8.152	13.521	0	59.667	
233	9.666	16.348	0	31.333	
234	9.185	17.408	0	49	
235	10.957	15.314	0	31.333	
236	11.536	15.342	0	28.333	
237	11.296	14.604	0	34.333	
238	11.219	14.560	0	32	
239	10.508	14.352	0	44	
240	10.169	14.062	0	33.667	
241	10.596	13.401	0	30.667	
242	10.640	13.472	0	51.667	
243	10.601	14.008	0	42.667	
244	10.115	13.111	0	66.667	
245	9.962	13.051	0	37.667	
246	9.891	13.248	0	39	
247	10.645	14.237	0	33.667	
248	9.677	13.127	0	23.333	
249	9.672	12.941	0	27.667	
250	9.978	12.613	0	31	
251	10.044	12.641	0	35.333	
252	10.826	12.931	0	27.333	
253	10.858	13.045	0	30	
254	10.962	12.974	0	28	
255	10.410	12.504	0	41.333	
256	10.394	12.668	0	32.333	
257	10.454	12.663	0	44	
258	10.601	13.013	0	30	
259	10.984	14.057	0	39.333	
260	11.247	13.942	0	25.667	
261	12.657	14.330	0	23.333	
262	11.679	14.030	0	32.333	
263	11.471	13.740	0	31.667	
264	11.170	12.958	0	30.333	
265	11.241	12.865	0	36	
266	10.295	12.296	0	58.333	
267	10.678	12.641	0	32	
268	10.612	12.712	0	26.333	
269	10.804	12.521	0	26.333	
270	10.897	12.389	0	30.333	
271	10.618	12.400	0	32	
272	11.449	12.477	0	55	
273	11.274	12.641	0	42.667	
274	11.252	12.761	0	34.667	
275	11.640	13.095	0	37	
276	11.389	13.106	0	59.333	
277	11.279	13.226	0	34	
278	11.312	12.969	0	39.667	
279	11.422	12.859	0	43	
280	12.067	13.297	0	32.333	
281	12.127	13.291	0	37	
282	12.001	13.242	0	29.667	
283	12.100	13.209	0	30.333	
284	12.198	13.144	0	27	
285	12.083	13.144	0	33	
286	11.903	13.171	0	26	
287	11.826	13.291	0	43.333	
288	11.711	13.330	0	34	
289	11.580	13.335	0	29	
290	11.520	13.379	0	27.667	
291	11.618	13.434	0	27	
292	11.722	13.417	0	18.333	
293	11.826	13.466	0	22	
294	11.083	12.701	0	58	
295	11.126	12.739	0	33.333	
296	11.022	12.378	0	54.667	
297	11.104	12.302	0	20.667	
298	11.154	12.236	0	29.667	
299	11.055	12.214	0	33.667	
300	11.001	12.165	0	31	
301	11.055	12.100	0	23.333	
302	11.110	12.143	0	41	
303	11.230	12.100	0	25	
304	11.137	12.039	0	29	
305	11.258	11.990	0	37	
306	11.334	11.886	0	62	
307	11.350	11.717	0	46	
308	11.482	11.657	0	37.333	
309	11.580	11.700	0	51	
310	11.471	11.728	0	40.667	
311	11.531	11.766	0	73.333	
312	11.575	11.793	0	33.667	
313	11.646	11.750	0	29.667	
314	11.476	11.837	0	55.667	
315	11.427	12.160	0	44.333	
316	11.476	12.105	0	47.333	
317	11.465	12.050	0	42	
318	11.460	11.979	0	25.333	
319	11.279	12.559	0	54.333	
320	11.274	12.460	0	27.667	
321	11.214	12.526	0	27	
322	11.733	12.941	0	38	
323	11.782	12.985	0	33.333	
324	11.979	13.089	0	44	
325	12.045	13.045	0	40.333	
326	12.007	13.040	0	30.333	
327	12.094	13.062	0	30.333	
328	12.083	12.996	0	30	
329	11.925	13.089	0	31	
330	11.859	13.056	0	30.667	
331	11.903	13.002	0	28.667	
332	11.372	12.624	0	40.333	
333	11.465	12.652	0	38.333	
334	11.493	12.586	0	36.667	
335	11.525	12.701	0	37	
336	11.569	12.794	0	29.333	
337	11.646	12.734	0	30	
338	11.618	12.635	0	36	
339	11.761	12.756	0	45.667	
340	11.739	12.668	0	31	
341	11.728	12.603	0	33.333	
342	11.553	12.504	0	35.667	
343	11.531	12.438	0	33.667	
344	11.514	12.346	0	45.667	
345	11.504	12.231	0	45	
346	11.476	12.182	0	20.333	
347	11.607	12.400	0	53	
348	11.679	12.449	0	34.667	
349	11.771	12.499	0	50.333	
350	11.739	12.548	0	37.667	
351	12.324	13.166	0	31.333	
352	12.395	13.171	0	29	
353	12.433	13.226	0	33.667	
354	12.433	13.286	0	25.667	
355	12.531	13.313	0	50.667	
356	12.613	13.362	0	33.667	
357	13.516	13.472	0	48	
358	13.581	13.521	0	36	
359	13.280	13.565	0	32.333	
360	13.259	13.439	0	37.667	
361	13.346	13.379	0	32.333	
362	13.231	13.362	0	68.333	
363	13.417	13.412	0	23.333	
364	13.445	13.362	0	31	
365	13.592	13.357	0	35.333	
366	13.412	14.390	0	36.333	
367	13.029	14.243	0	49.667	
368	12.832	13.898	0	32.333	
369	12.723	13.384	0	40.333	
370	12.756	13.319	0	33	
371	12.630	13.231	0	34.667	
372	12.745	13.160	0	31.667	
373	12.821	13.270	0	27.333	
374	12.925	13.231	0	38.333	
375	12.903	13.171	0	33.333	
376	12.925	13.116	0	28	
377	12.903	13.029	0	34.667	
378	12.838	12.974	0	36.667	
379	12.854	12.931	0	44.667	
380	12.843	12.865	0	60.667	
381	12.859	12.805	0	50.667	
382	12.870	12.739	0	58.333	
383	12.816	12.679	0	42.667	
384	12.854	12.624	0	51	
385	12.898	12.663	0	47.333	
386	12.952	12.630	0	60	
387	12.980	12.674	0	54.333	
388	12.958	12.745	0	64.667	
389	12.920	12.794	0	35	
390	12.980	12.827	0	26.333	
391	12.909	12.898	0	72	
392	12.985	12.892	0	42	
393	13.029	12.941	0	42.333	
394	13.040	12.865	0	64.667	
395	13.013	12.772	0	41.667	
396	13.062	12.788	0	35.667	
397	13.111	12.745	0	72.667	
398	13.018	12.734	0	44	
399	13.051	12.679	0	32.333	
400	13.106	12.903	0	36.667	
401	13.155	12.849	0	53.333	
402	13.193	12.909	0	45.667	
403	13.149	12.952	0	43.667	
404	13.166	13.034	0	40.667	
405	13.024	13.013	0	29.333	
406	13.198	13.193	0	46.667	
407	13.231	13.177	0	51.333	
408	13.280	13.188	0	39.667	
409	13.270	12.985	0	64.333	
410	13.259	12.903	0	62.333	
411	12.788	12.832	0	40.333	
412	12.745	12.777	0	34.333	
413	12.805	12.772	0	38.667	
414	12.668	13.062	0	68.333	
415	12.734	12.958	0	36	
416	12.635	12.903	0	45	
417	12.597	13.045	0	59.333	
418	12.553	13.095	0	34.333	
419	12.499	13.122	0	34.667	
420	12.449	13.149	0	28.667	
421	12.356	13.073	0	27	
422	12.274	13.040	0	38	
423	12.324	12.985	0	52	
424	12.373	12.914	0	59.333	
425	12.302	12.898	0	27	
426	12.269	12.936	0	37.333	
427	12.198	12.914	0	69	
428	12.149	12.876	0	32	
429	12.050	12.777	0	37.333	
430	12.061	12.701	0	24	
431	12.110	12.663	0	32.667	
432	12.023	12.603	0	58.333	
433	12.017	12.679	0	44.333	
434	11.935	12.624	0	49	
435	11.864	12.679	0	39.333	
436	11.881	12.613	0	34	
437	11.826	12.586	0	22	
438	11.870	12.537	0	40.667	
439	11.935	12.466	0	43.333	
440	11.826	12.406	0	66.667	
441	11.646	12.329	0	53	
442	11.613	12.220	0	58	
443	11.657	12.187	0	41	
444	11.575	12.138	0	43.667	
445	11.657	12.132	0	47.667	
446	11.640	12.061	0	39	
447	11.558	12.067	0	24.333	
448	11.607	12.028	0	19.667	
449	11.832	12.247	0	84.667	
450	11.897	12.225	0	40.333	
451	12.007	12.395	0	40.333	
452	11.935	12.351	0	32.333	
453	11.979	12.318	0	39	
454	11.957	12.264	0	25.333	
455	12.028	12.269	0	44	
456	12.083	12.482	0	35.333	
457	12.078	12.537	0	62	
458	12.007	12.553	0	22	
459	12.165	12.581	0	44.333	
460	12.198	12.455	0	63.333	
461	12.116	12.444	0	31.333	
462	12.269	12.477	0	47.333	
463	12.258	12.531	0	30.667	
464	12.203	12.657	0	38.667	
465	12.225	12.613	0	48.667	
466	12.274	12.641	0	33.333	
467	12.296	12.723	0	44.667	
468	12.384	12.772	0	24	
469	12.378	12.695	0	51.667	
470	12.444	12.728	0	24.333	
471	12.460	12.881	0	41.667	
472	12.537	12.941	0	67.667	
473	12.531	12.728	0	48	
474	12.581	12.816	0	24.333	
475	12.657	12.783	0	52.333	
476	12.559	12.646	0	44.667	
477	12.685	12.619	0	74.333	
478	12.652	12.531	0	37.333	
479	12.592	12.526	0	63	
480	12.515	12.559	0	39	
481	12.389	12.652	0	34.667	
482	12.378	12.603	0	33.667	
483	12.438	12.603	0	49.667	
484	12.417	12.559	0	33.333	
485	12.362	12.531	0	43	
486	12.340	12.482	0	79.333	
487	12.367	12.422	0	50.667	
488	12.346	12.373	0	47.667	
489	12.220	12.373	0	30.667	
490	12.225	12.313	0	25.333	
491	12.187	12.269	0	28.667	
492	12.236	12.258	0	51.667	
493	12.061	12.127	0	57.667	
494	11.985	12.083	0	39.333	
495	11.832	12.160	0	33	
496	11.996	12.165	0	34.667	
497	12.067	12.198	0	50.667	
498	12.455	12.406	0	42	
499	12.493	12.471	0	31	
500	12.165	12.039	0	36	
501	12.225	12.017	0	66.333	
502	12.274	12.171	0	55.667	
503	11.668	11.897	0	29	
504	11.761	11.766	0	49.667	
505	11.848	11.717	0	65	
506	11.761	11.618	0	51.333	
507	11.755	11.274	0	26.333	
508	11.799	11.044	0	42	
509	12.012	10.984	0	38	
510	11.946	11.033	0	36.333	
511	12.034	11.389	0	32.333	
512	12.116	11.372	0	33	
513	12.198	11.378	0	55	
514	12.154	11.334	0	43	
515	12.105	11.296	0	31.333	
516	12.072	11.241	0	38.333	
517	12.012	11.192	0	42	
518	11.875	11.427	0	54	
519	12.100	11.044	0	39.333	
520	12.132	11.115	0	53.667	
521	12.083	10.973	0	31	
522	12.149	10.913	0	37.333	
523	12.176	10.984	0	42.333	
524	12.231	11.022	0	44	
525	12.318	11.154	0	26.667	
526	12.318	11.022	0	56	
527	12.335	11.088	0	48	
528	12.400	10.935	0	46	
529	12.449	10.842	0	37	
530	12.477	10.913	0	35.667	
531	12.548	10.935	0	37	
532	12.663	10.837	0	54.667	
533	12.734	10.864	0	66.333	
534	12.816	10.924	0	48	
535	12.892	10.924	0	69.333	
536	12.603	11.017	0	76.333	
537	12.706	11.006	0	50.333	
538	12.428	11.132	0	33.667	
539	12.515	11.159	0	52.333	
540	12.329	11.230	0	34	
541	12.389	11.268	0	26.667	
542	12.313	11.334	0	29.667	
543	12.242	11.268	0	27.333	
544	12.356	11.476	0	51.333	
545	12.274	11.427	0	39	
546	12.384	11.394	0	31	
547	11.837	11.602	0	42	
548	11.843	11.520	0	51.333	
549	11.914	11.580	0	45	
550	11.963	11.542	0	50.667	
551	11.925	11.662	0	59	
552	12.007	11.635	0	37	
553	11.985	11.711	0	32.667	
554	12.056	11.679	0	34	
555	12.078	11.520	0	29	
556	12.143	11.591	0	72.333	
557	12.247	11.651	0	37.333	
558	12.220	11.558	0	48.667	
559	12.389	11.536	0	64.333	
560	12.274	11.597	0	62.667	
561	12.318	11.640	0	30.333	
562	11.990	11.963	0	39.667	
563	12.023	12.045	0	28.667	
564	12.138	12.001	0	36.333	
565	12.187	11.968	0	56.667	
566	12.121	11.946	0	45	
567	12.072	11.974	0	56.667	
568	12.067	11.897	0	71	
569	12.001	11.843	0	80.667	
570	12.028	11.799	0	38.667	
571	12.110	11.843	0	45.667	
572	12.187	11.821	0	40	
573	12.176	11.771	0	45.333	
574	12.089	11.744	0	44.333	
575	12.154	11.717	0	55.667	
576	12.291	11.733	0	45	
577	12.340	11.733	0	39.333	
578	12.362	11.684	0	43.667	
579	12.335	11.793	0	42	
580	12.373	11.853	0	63.333	
581	12.274	11.897	0	37.333	
582	12.280	12.023	0	75.667	
583	12.313	12.056	0	75.667	
584	12.384	12.214	0	77.333	
585	12.455	12.340	0	45.333	
586	12.499	12.258	0	47.667	
587	12.422	12.187	0	70.333	
588	12.553	12.444	0	44.333	
589	12.630	12.395	0	58.667	
590	12.531	12.296	0	45	
591	11.952	12.171	0	51	
592	11.903	12.171	0	28.667	
593	11.897	12.116	0	39	
594	11.340	11.597	0	39.667	
595	11.531	11.504	0	67	
596	11.504	11.334	0	28	
597	11.651	11.493	0	36.333	
598	11.241	11.443	0	25	
599	11.350	11.383	0	31.333	
600	11.547	11.165	0	23.667	
601	10.159	13.078	0	33	
602	10.651	11.979	0	31.667	
603	12.592	10.219	0	45	
604	12.526	10.186	0	51	
605	12.674	10.235	0	42.667	
606	12.898	10.257	0	31	
607	12.821	10.317	0	35.667	
608	12.832	10.809	0	40	
609	12.931	10.826	0	78.333	
610	12.827	10.776	0	47.333	
611	12.859	10.744	0	61.667	
612	12.777	10.744	0	34.667	
613	12.821	10.700	0	25.667	
614	12.865	10.678	0	37.333	
615	12.777	10.667	0	35.667	
616	12.777	10.634	0	41	
617	12.685	10.678	0	38	
618	12.657	10.629	0	32	
619	12.641	10.470	0	42.333	
620	12.706	10.383	0	29	
621	13.078	10.137	0	26.667	
622	13.417	10.355	0	39.333	
623	13.499	10.219	0	36.333	
624	13.598	10.262	0	32.667	
625	13.537	10.290	0	40.333	
626	13.494	10.448	0	45.667	
627	13.565	10.443	0	33.333	
628	12.564	10.716	0	43.333	
629	12.603	10.672	0	49.667	
630	12.521	10.607	0	39	
631	12.581	10.574	0	39	
632	12.493	10.530	0	28.667	
633	12.581	10.651	0	25.333	
634	12.597	10.847	0	50	
635	13.056	10.793	0	47.333	
636	13.155	10.809	0	46.333	
637	13.215	10.787	0	42	
638	13.220	10.837	0	40.333	
639	13.609	10.815	0	84	
640	13.625	10.612	0	58.333	
641	13.674	10.793	0	71.333	
642	13.494	10.678	0	43.667	
643	13.488	10.798	0	64.667	
644	13.527	10.815	0	42.667	
645	13.521	10.771	0	56.333	
646	13.188	10.891	0	68.333	
647	13.280	10.902	0	55.333	
648	13.226	10.908	0	56.333	
649	13.324	10.869	0	59.333	
650	13.373	10.837	0	66.333	
651	12.745	11.044	0	46.667	
652	12.635	10.919	0	50.333	
653	12.843	10.995	0	49	
654	12.947	10.979	0	32.667	
655	12.985	10.973	0	51.333	
656	12.985	10.929	0	29	
657	13.024	10.842	0	26.333	
658	12.001	10.667	0	31	
659	11.985	10.344	0	32.333	
660	12.105	10.760	0	37	
661	11.033	10.131	0	42	
662	11.476	10.273	0	24.667	
663	11.110	9.634	0	20	
664	12.302	10.514	0	34.333	
665	12.406	10.541	0	27.667	
666	12.356	10.328	0	35.333	
667	12.925	10.169	0	41.333	
668	12.417	10.787	0	22	
669	12.302	10.864	0	26.667	
670	13.002	8.786	0	30.333	
671	12.717	9.081	0	27.667	
672	13.177	9.360	0	42.667	
673	13.412	8.989	0	41.333	
674	14.839	9.836	0	41.333	
675	14.926	9.776	0	31.333	
676	14.779	9.934	0	30	
677	14.615	10.131	0	27.333	
678	14.718	10.033	0	33.333	
679	14.352	10.503	0	51	
680	14.429	10.525	0	32.333	
681	14.451	10.432	0	34.333	
682	14.112	10.235	0	32.667	
683	13.942	9.727	0	25	
684	14.423	10.005	0	31.667	
685	14.199	10.306	0	27	
686	14.177	10.246	0	32	
687	14.254	10.219	0	33.333	
688	14.166	10.148	0	25	
689	14.303	10.022	0	25.333	
690	14.489	9.486	0	30.333	
691	15.265	9.142	0	40.333	
692	15.271	9.043	0	53.667	
693	14.707	10.733	0	46.667	
694	14.746	10.508	0	41.333	
695	14.839	10.432	0	54.667	
696	14.954	10.126	0	25.667	
697	15.030	9.995	0	21.333	
698	15.063	9.858	0	44	
699	15.238	10.016	0	34.667	
700	15.085	10.066	0	29.333	
701	15.161	10.115	0	26	
702	15.096	10.219	0	23	
703	15.101	10.301	0	37	
704	15.036	10.355	0	24.667	
705	14.565	10.569	0	28.667	
706	14.511	10.651	0	30.667	
707	14.642	10.755	0	40.667	
708	14.658	10.847	0	31	
709	14.697	10.902	0	22.333	
710	14.625	10.383	0	37.667	
711	14.330	10.410	0	39	
712	15.183	10.815	0	44.667	
713	14.910	11.804	0	36.667	
714	14.910	11.750	0	32	
715	14.986	11.668	0	38.333	
716	14.986	11.799	0	43.667	
717	14.910	12.132	0	40.333	
718	15.014	12.045	0	67	
719	15.172	11.968	0	38	
720	15.112	11.935	0	39	
721	15.057	11.383	0	34.333	
722	15.134	11.465	0	28.333	
723	15.156	11.427	0	55.333	
724	15.172	11.361	0	25.667	
725	15.167	11.230	0	23	
726	15.254	11.285	0	26.667	
727	15.358	11.192	0	26.333	
728	15.429	11.176	0	34	
729	15.396	11.110	0	33	
730	15.418	11.022	0	25.667	
731	15.385	10.935	0	40.333	
732	15.331	10.875	0	35.667	
733	15.385	10.826	0	24.667	
734	15.440	10.886	0	27.333	
735	15.451	10.776	0	28	
736	15.473	10.826	0	25	
737	15.555	10.749	0	22.333	
738	15.604	10.815	0	41.667	
739	15.528	10.875	0	46	
740	15.484	11.093	0	51.333	
741	15.588	11.099	0	39	
742	15.653	11.011	0	25.333	
743	15.544	11.181	0	32.667	
744	15.610	11.214	0	51.333	
745	15.418	11.252	0	26	
746	15.440	11.312	0	22.667	
747	15.282	11.372	0	31	
748	15.314	11.350	0	31	
749	14.899	11.208	0	34	
750	14.904	11.154	0	53.333	
751	15.008	11.186	0	39.333	
752	15.036	11.072	0	31.667	
753	15.517	11.268	0	42	
754	15.724	11.170	0	35.333	
755	15.604	11.361	0	49.667	
756	15.539	11.389	0	40	
757	15.593	11.312	0	26.333	
758	15.703	11.285	0	32.333	
759	15.238	11.449	0	47.333	
760	15.396	11.586	0	37	
761	15.435	11.629	0	31.667	
762	15.500	11.580	0	57	
763	15.544	11.553	0	26.333	
764	15.506	11.509	0	30.333	
765	15.440	11.520	0	36.667	
766	15.500	11.449	0	48.333	
767	15.429	11.443	0	37.333	
768	15.375	11.356	0	36.333	
769	15.303	11.438	0	29.333	
770	15.380	11.706	0	36.667	
771	15.484	11.695	0	33	
772	15.462	11.739	0	32.333	
773	15.391	11.853	0	66.333	
774	15.451	11.853	0	24.333	
775	15.413	11.810	0	33	
776	14.811	11.679	0	36.333	
777	14.872	11.679	0	50	
778	14.790	11.755	0	33.667	
779	14.790	11.810	0	24	
780	14.735	11.750	0	41.667	
781	14.839	11.476	0	35	
782	14.855	11.356	0	34	
783	14.932	11.350	0	23.333	
784	14.888	11.394	0	41.667	
785	15.834	11.547	0	36	
786	15.921	11.482	0	38	
787	15.861	11.405	0	30.333	
788	15.828	11.350	0	42.667	
789	15.768	11.378	0	43	
790	15.757	11.454	0	24.667	
791	15.801	11.520	0	47.333	
792	15.763	11.782	0	33	
793	15.637	11.668	0	30.333	
794	15.560	11.777	0	29	
795	15.282	11.968	0	23.667	
796	15.418	12.001	0	20.667	
797	15.314	12.028	0	46	
798	15.303	12.100	0	40	
799	15.271	12.149	0	38.667	
800	15.227	12.110	0	37.667	
801	15.200	12.050	0	29	
802	15.134	12.023	0	27.333	
803	15.145	12.094	0	24.667	
804	15.156	12.154	0	28	
805	15.216	12.198	0	40.333	
806	15.085	12.187	0	59	
807	15.041	12.143	0	40.333	
808	15.364	12.182	0	39.333	
809	15.380	12.149	0	54	
810	15.396	12.083	0	33.667	
811	15.467	12.143	0	41.333	
812	15.495	12.220	0	37.667	
813	15.435	12.192	0	41.333	
814	15.642	12.160	0	50	
815	15.555	11.979	0	36.333	
816	15.714	12.127	0	35.333	
817	15.724	12.214	0	30	
818	15.653	12.253	0	48	
819	15.856	12.165	0	42	
820	14.653	11.509	0	55.333	
821	14.582	11.629	0	47.333	
822	14.746	11.897	0	47.667	
823	14.784	11.925	0	65.333	
824	14.817	11.952	0	41	
825	14.855	11.892	0	34.333	
826	14.740	11.946	0	48	
827	14.729	12.061	0	46.667	
828	14.882	12.072	0	58.333	
829	14.844	12.001	0	42.667	
830	14.779	12.121	0	36	
831	14.779	12.171	0	27.667	
832	14.675	12.198	0	64.667	
833	14.872	12.192	0	50.333	
834	15.123	12.291	0	46.333	
835	15.178	12.351	0	46	
836	15.227	12.378	0	31.667	
837	15.276	12.356	0	66.333	
838	15.178	12.433	0	49.667	
839	14.833	12.335	0	40.667	
840	14.882	12.324	0	47	
841	14.915	12.291	0	23.667	
842	14.992	12.225	0	33	
843	14.751	12.264	0	52.333	
844	14.697	12.258	0	54	
845	14.697	12.362	0	55	
846	14.724	12.504	0	51	
847	14.779	12.531	0	51	
848	14.899	12.608	0	37.667	
849	14.872	12.668	0	33.667	
850	14.986	12.706	0	31.333	
851	15.036	12.706	0	42.667	
852	15.107	12.537	0	26	
853	15.057	12.592	0	26.667	
854	14.926	12.449	0	29.333	
855	14.866	12.444	0	33	
856	15.200	12.646	0	43.333	
857	15.139	12.701	0	24.667	
858	15.342	12.723	0	29.333	
859	15.467	12.734	0	33.667	
860	15.396	12.706	0	32	
861	15.473	12.646	0	34	
862	15.358	12.613	0	31	
863	15.478	12.521	0	50.333	
864	15.227	12.449	0	26.333	
865	15.325	12.455	0	37.333	
866	15.626	12.564	0	51.667	
867	15.861	12.750	0	26	
868	15.916	12.821	0	30.333	
869	15.834	12.859	0	27.333	
870	15.834	12.931	0	32.667	
871	15.774	12.958	0	24.333	
872	15.735	13.040	0	41.667	
873	15.664	13.024	0	27.333	
874	15.681	12.958	0	25.667	
875	15.757	12.876	0	27.333	
876	15.210	12.870	0	43.667	
877	15.145	12.832	0	34	
878	15.063	12.936	0	47.667	
879	14.997	12.909	0	31.333	
880	14.997	12.849	0	32.333	
881	15.068	12.794	0	38.667	
882	15.161	12.493	0	27.333	
883	14.937	12.810	0	49.667	
884	14.872	12.838	0	30.667	
885	14.833	12.772	0	29	
886	14.844	12.728	0	32	
887	14.779	12.745	0	37	
888	14.751	12.794	0	28.667	
889	14.702	12.816	0	24.333	
890	14.615	12.663	0	62.333	
891	14.412	12.619	0	39.333	
892	14.396	12.570	0	49.667	
893	14.276	12.641	0	39.667	
894	14.314	12.613	0	41.333	
895	14.330	12.570	0	40.333	
896	14.494	12.400	0	43	
897	14.554	12.411	0	74.333	
898	14.511	12.455	0	40.333	
899	14.533	12.318	0	71.667	
900	14.483	12.302	0	38.667	
901	14.494	12.236	0	79.667	
902	14.576	12.258	0	69.333	
903	14.254	12.843	0	41	
904	14.281	12.794	0	35.333	
905	14.254	12.756	0	46.333	
906	14.237	12.712	0	39	
907	14.150	12.756	0	32.333	
908	14.221	12.783	0	42.667	
909	14.172	12.914	0	48	
910	14.308	12.931	0	56.333	
911	14.374	12.859	0	40.667	
912	14.330	12.854	0	41.333	
913	14.418	12.717	0	26.333	
914	14.461	12.772	0	32	
915	14.418	12.810	0	38.667	
916	14.642	12.898	0	46	
917	14.713	12.898	0	61.667	
918	14.489	12.903	0	34.333	
919	14.401	12.920	0	44.667	
920	14.707	12.974	0	35.333	
921	14.768	13.013	0	50	
922	14.790	12.980	0	42.667	
923	14.707	13.045	0	21.667	
924	14.686	13.116	0	25.333	
925	14.697	13.188	0	31.667	
926	14.669	13.253	0	34.667	
927	14.385	13.177	0	31.333	
928	14.489	13.089	0	27.333	
929	14.265	13.193	0	52	
930	14.122	13.188	0	51.667	
931	14.057	13.270	0	29.333	
932	14.155	13.089	0	26	
933	14.068	13.045	0	29	
934	13.931	13.116	0	48	
935	13.958	13.056	0	36.667	
936	14.068	12.980	0	59.667	
937	13.975	12.985	0	32	
938	14.002	12.920	0	45.667	
939	14.024	12.827	0	70.667	
940	13.958	12.750	0	32	
941	13.904	12.816	0	66.333	
942	13.876	12.854	0	70.333	
943	13.871	12.914	0	42	
944	13.800	12.936	0	41.667	
945	13.783	12.996	0	52.333	
946	13.740	13.029	0	41.333	
947	13.701	12.925	0	52.667	
948	13.882	12.980	0	42	
949	13.822	13.029	0	30	
950	13.811	13.133	0	26.667	
951	13.876	13.144	0	32.333	
952	13.390	12.777	0	84.667	
953	13.297	12.794	0	73.667	
954	13.362	12.734	0	84.667	
955	13.204	12.657	0	84.667	
956	13.259	12.668	0	81.333	
957	13.248	12.624	0	55.667	
958	13.248	12.575	0	77.667	
959	13.335	12.624	0	59	
960	13.368	12.597	0	68.667	
961	13.423	12.542	0	80	
962	13.494	12.641	0	76	
963	13.494	12.695	0	61	
964	13.505	12.734	0	69.667	
965	13.565	12.745	0	70	
966	13.527	12.805	0	41.333	
967	13.598	12.843	0	60.667	
968	13.554	12.909	0	44.667	
969	13.609	12.898	0	39.333	
970	13.466	12.870	0	47	
971	13.434	12.843	0	37.333	
972	13.461	12.767	0	31.667	
973	13.417	12.717	0	70.333	
974	13.390	12.685	0	70	
975	13.423	12.630	0	56	
976	13.428	12.947	0	78.667	
977	13.423	12.903	0	47.333	
978	13.565	13.122	0	46.667	
979	13.630	13.067	0	43.333	
980	13.609	13.013	0	34.667	
981	13.510	13.013	0	36.667	
982	13.401	13.084	0	34.333	
983	13.412	13.013	0	27.667	
984	13.330	13.062	0	27.333	
985	14.390	13.445	0	50	
986	14.571	13.532	0	29.333	
987	14.483	13.598	0	25.667	
988	15.631	14.636	0	37	
989	16.074	14.161	0	23	
990	16.206	13.598	0	26	
991	16.124	13.570	0	27.667	
992	15.938	13.565	0	25.333	
993	15.801	13.439	0	40.333	
994	15.730	13.609	0	23.333	
995	15.560	13.816	0	45.333	
996	15.227	13.406	0	43	
997	15.588	13.401	0	37	
998	14.790	13.811	0	26.667	
999	14.718	13.866	0	33	
1000	15.101	14.565	0	33	
1001	15.364	14.522	0	31.333	
1002	15.796	15.118	0	48.667	
1003	16.178	15.353	0	36	
1004	16.102	15.167	0	22.667	
1005	16.091	15.085	0	24	
1006	15.949	14.997	0	33.333	
1007	16.096	14.893	0	31	
1008	16.337	15.183	0	37	
1009	16.211	14.904	0	32.667	
1010	17.244	14.954	0	48.667	
1011	17.682	14.713	0	29	
1012	15.976	15.413	0	27.333	
1013	17.447	14.505	0	32	
1014	18.070	13.893	0	35.667	
1015	17.305	13.341	0	39	
1016	17.179	13.220	0	31.667	
1017	17.113	13.040	0	58	
1018	16.938	12.985	0	42	
1019	16.599	12.859	0	44.333	
1020	16.501	12.816	0	35	
1021	15.883	12.510	0	27	
1022	15.746	12.482	0	21.333	
1023	15.867	12.438	0	22.333	
1024	16.419	12.646	0	37	
1025	16.282	12.143	0	41.333	
1026	15.888	12.050	0	31.667	
1027	15.790	12.045	0	36	
1028	16.036	11.170	0	54.333	
1029	16.178	11.312	0	30.333	
1030	16.085	11.411	0	35	
1031	15.970	11.405	0	50	
1032	15.954	11.635	0	28.333	
1033	15.960	11.750	0	34.667	
1034	15.932	11.826	0	36	
1035	15.970	11.875	0	30.333	
1036	15.916	11.914	0	25.333	
1037	16.156	11.848	0	35.667	
1038	16.135	11.799	0	25.667	
1039	16.096	11.689	0	39.333	
1040	16.020	11.569	0	50	
1041	16.211	11.531	0	26.333	
1042	16.227	11.427	0	23.667	
1043	16.315	11.268	0	26.667	
1044	16.331	11.334	0	24.667	
1045	16.490	11.312	0	44	
1046	16.545	11.285	0	45	
1047	16.528	11.219	0	38.333	
1048	16.435	11.263	0	27.333	
1049	16.359	11.252	0	28	
1050	16.391	11.225	0	28.667	
1051	16.408	11.110	0	28.667	
1052	16.255	11.093	0	30.667	
1053	16.342	11.001	0	29	
1054	16.238	11.044	0	24	
1055	16.009	11.061	0	23.667	
1056	15.960	11.137	0	25	
1057	15.845	11.088	0	24.333	
1058	15.752	10.990	0	24	
1059	15.670	11.083	0	30.333	
1060	15.714	10.924	0	25.667	
1061	15.675	10.656	0	18.667	
1062	15.757	10.689	0	61	
1063	15.927	10.886	0	47.667	
1064	15.861	10.880	0	28.667	
1065	15.806	10.820	0	26.667	
1066	15.970	10.662	0	47	
1067	16.003	10.689	0	46.667	
1068	16.331	10.864	0	54	
1069	16.550	10.815	0	44.667	
1070	16.687	10.826	0	49.667	
1071	16.791	10.798	0	37.667	
1072	16.911	10.749	0	40.667	
1073	17.042	10.722	0	47.333	
1074	17.037	10.623	0	35.333	
1075	16.900	10.645	0	34	
1076	16.938	10.601	0	38	
1077	16.348	10.662	0	41	
1078	16.266	10.612	0	49.667	
1079	16.184	10.585	0	27	
1080	16.118	10.547	0	33.333	
1081	16.020	10.437	0	55	
1082	16.069	10.476	0	42.667	
1083	15.992	10.519	0	48	
1084	16.014	10.826	0	39.667	
1085	16.167	10.410	0	54.667	
1086	16.211	10.448	0	42.333	
1087	16.326	10.448	0	52.667	
1088	16.375	10.426	0	30.667	
1089	15.954	10.344	0	28.667	
1090	16.009	10.355	0	30.667	
1091	15.856	10.432	0	33.333	
1092	15.719	10.426	0	45.667	
1093	15.648	10.388	0	31	
1094	16.233	10.815	0	33	
1095	16.156	10.897	0	40.333	
1096	16.424	11.815	0	38.333	
1097	16.391	11.651	0	34.333	
1098	16.490	11.935	0	46.333	
1099	16.627	11.832	0	25	
1100	16.572	11.679	0	35.333	
1101	16.550	11.553	0	23	
1102	16.419	11.897	0	27.667	
1103	16.982	12.017	0	41	
1104	16.927	11.886	0	33	
1105	16.927	11.810	0	26	
1106	17.108	11.826	0	30.667	
1107	16.944	11.668	0	29.667	
1108	16.960	11.394	0	72	
1109	16.703	11.274	0	54	
1110	16.769	11.241	0	27.667	
1111	16.938	11.236	0	25.667	
1112	17.392	11.307	0	44	
1113	17.244	11.531	0	45.667	
1114	17.583	11.826	0	47.667	
1115	17.818	12.083	0	27.667	
1116	18.174	12.105	0	39	
1117	18.371	12.045	0	41.333	
1118	17.988	11.728	0	23	
1119	18.305	12.209	0	25	
1120	18.387	12.313	0	48.333	
1121	18.486	12.422	0	24	
1122	18.814	12.242	0	35	
1123	18.059	12.285	0	27	
1124	17.523	12.422	0	38.667	
1125	17.294	12.488	0	41.667	
1126	17.201	12.553	0	29.333	
1127	17.086	12.641	0	25.667	
1128	17.392	12.619	0	20.333	
1129	15.998	10.197	0	57.667	
1130	15.998	10.115	0	29	
1131	15.910	10.131	0	54.333	
1132	15.910	10.060	0	50.333	
1133	16.271	9.978	0	32.333	
1134	16.331	9.989	0	31	
1135	16.446	9.945	0	33.667	
1136	16.555	10.186	0	51.667	
1137	17.479	10.186	0	45	
1138	16.320	9.524	0	58	
1139	16.118	9.568	0	32.333	
1140	16.031	9.481	0	46	
1141	15.894	9.579	0	42.667	
1142	15.910	9.251	0	37.333	
1143	15.708	10.334	0	35.333	
1144	15.735	10.197	0	32.333	
1145	15.648	10.153	0	47	
1146	15.724	10.044	0	34.333	
1147	15.714	9.841	0	32.667	
1148	15.637	9.836	0	26	
1149	15.429	9.770	0	30	
1150	15.314	9.765	0	38.667	
1151	15.391	10.033	0	24.667	
1152	15.484	9.956	0	38	
1153	15.473	10.060	0	30.667	
1154	15.506	10.186	0	38.333	
1155	15.566	10.306	0	47.333	
1156	15.342	10.148	0	24.333	
1157	16.545	10.973	0	33.667	
1158	16.654	11.104	0	15.333	
1159	16.665	10.924	0	42.333	
1160	16.501	10.891	0	27	
1161	18.294	10.071	0	76.333	
1162	16.916	11.044	0	50	
1163	17.091	10.820	0	35.667	
1164	16.692	10.973	0	62	
1165	16.725	11.017	0	35	
1166	17.157	11.044	0	36.333	
1167	17.490	10.902	0	43.333	
1168	17.572	10.984	0	45	
1169	18.065	11.066	0	40.667	
1170	18.387	11.416	0	27	
1171	18.289	11.093	0	39.667	
1172	15.752	15.424	0	22.667	
1173	13.712	16.058	0	36	
1174	14.002	15.894	0	41.667	
1175	13.789	14.762	0	38.667	
1176	20.984	11.203	0	39	
1177	20.902	11.285	0	37	
1178	20.913	10.847	0	37.333	
1179	20.962	10.519	0	31.667	
1180	20.771	10.257	0	26.667	
1181	20.197	10.241	0	35.667	
1182	19.956	11.192	0	45.333	
1183	20.011	11.143	0	32.333	
1184	19.656	11.815	0	42	
1185	19.218	12.734	0	50.667	
1186	19.163	13.024	0	22.667	
1187	20.448	13.341	0	41.667	
1188	19.142	13.275	0	23.333	
1189	19.005	11.853	0	36	
1190	19.005	11.367	0	48	
1191	19.464	10.946	0	52.667	
1192	18.852	10.629	0	33	
1193	18.578	10.399	0	32.667	
1194	19.295	11.345	0	41.667	
1195	19.306	11.449	0	36.667	
1196	19.344	11.531	0	42	
1197	19.328	11.782	0	45.667	
1198	19.590	11.662	0	38.667	
1199	19.699	11.635	0	35.667	
1200	19.530	12.356	0	36	
1201	19.338	12.192	0	26.667	
1202	17.419	14.117	0	35	
1203	17.255	14.128	0	32	
1204	17.239	14.035	0	25	
1205	16.774	13.931	0	55.667	
1206	17.605	14.232	0	26	
1207	18.136	14.390	0	38.333	
1208	17.693	12.914	0	33.333	
1209	17.611	12.788	0	21	
1210	17.633	12.859	0	21.667	
1211	16.829	12.756	0	38.667	
1212	17.272	13.204	0	22	
1213	17.802	13.226	0	39.667	
1214	17.075	16.315	0	28.333	
1215	16.927	16.282	0	26.333	
1216	18.349	13.002	0	27	
1217	18.431	12.881	0	44	
1218	20.169	12.187	0	38.667	
1219	18.666	11.886	0	42.667	
