%N 	X	Y	Z	Value	Empty
1	272	331	0	103	
2	416	438	0	74.333	
3	421	416	0	81.333	
4	407	430	0	89.667	
5	413	419	0	62.667	
6	402	422	0	92.333	
7	407	419	0	90.333	
8	409	414	0	73	
9	411	408	0	57.333	
10	405	408	0	72.667	
11	411	397	0	88	
12	386	413	0	76.333	
13	382	417	0	85.333	
14	385	426	0	25	
15	387	422	0	89	
16	392	425	0	83.333	
17	388	427	0	14	
18	390	431	0	83.667	
19	386	434	0	100.667	
20	381	441	0	75.667	
21	366	441	0	83.333	
22	353	444	0	91.333	
23	340	456	0	84.333	
24	390	459	0	94.333	
25	387	470	0	92	
26	379	478	0	94	
27	395	480	0	92.667	
28	401	482	0	97.667	
29	404	473	0	49.333	
30	408	470	0	95	
31	361	495	0	93.667	
32	351	497	0	80.333	
33	354	495	0	11	
34	357	491	0	3	
35	354	489	0	31.333	
36	357	485	0	3	
37	362	482	0	20	
38	351	491	0	94	
39	346	492	0	99.667	
40	340	493	0	57.667	
41	346	487	0	81	
42	348	481	0	83	
43	351	478	0	28.667	
44	352	481	0	0.667	
45	356	480	0	41.667	
46	354	476	0	92.333	
47	348	476	0	27.333	
48	347	472	0	87	
49	345	481	0	15.333	
50	342	478	0	81.667	
51	336	473	0	92.333	
52	335	466	0	89.333	
53	336	463	0	3.333	
54	327	466	0	77	
55	329	463	0	1.333	
56	327	470	0	74.333	
57	331	476	0	83	
58	321	460	0	85.333	
59	318	459	0	60.333	
60	319	454	0	48	
61	322	455	0	65.667	
62	315	465	0	66.333	
63	318	471	0	26.333	
64	317	475	0	4	
65	316	478	0	32.333	
66	310	482	0	97.667	
67	300	470	0	96.333	
68	279	467	0	88	
69	295	489	0	50	
70	298	490	0	61	
71	295	493	0	5.667	
72	299	494	0	18	
73	293	497	0	87.333	
74	295	500	0	78.667	
75	298	507	0	88	
76	291	505	0	78.333	
77	284	509	0	89	
78	294	511	0	19.667	
79	297	513	0	87	
80	305	515	0	94	
81	313	521	0	94	
82	302	512	0	3.667	
83	275	506	0	94.667	
84	259	502	0	82.667	
85	250	502	0	103	
86	246	496	0	84.667	
87	247	491	0	87	
88	251	484	0	83.333	
89	250	480	0	88.333	
90	254	494	0	90.333	
91	256	498	0	28.667	
92	258	491	0	85	
93	259	497	0	87	
94	264	496	0	90	
95	268	499	0	84.333	
96	272	497	0	82.667	
97	268	492	0	85.667	
98	265	492	0	50.333	
99	263	487	0	72.667	
100	271	493	0	11.667	
101	274	489	0	2.667	
102	276	492	0	3	
103	277	497	0	20.333	
104	275	493	0	85	
105	281	495	0	72.333	
106	286	495	0	39	
107	289	494	0	5	
108	279	489	0	81	
109	281	485	0	65.667	
110	285	491	0	3.667	
111	251	523	0	88.333	
112	233	527	0	86	
113	238	533	0	33.667	
114	237	545	0	93.667	
115	246	553	0	92.667	
116	250	553	0	39.667	
117	253	553	0	96.667	
118	227	542	0	78	
119	221	534	0	29.667	
120	212	541	0	93.333	
121	210	535	0	38.333	
122	202	536	0	76	
123	205	531	0	82.333	
124	201	527	0	3	
125	193	528	0	69.333	
126	189	531	0	99	
127	188	541	0	97.667	
128	192	536	0	92.333	
129	196	534	0	94.667	
130	148	526	0	94.333	
131	140	529	0	74	
132	136	528	0	88.333	
133	129	527	0	62.667	
134	125	528	0	28.333	
135	123	525	0	98.333	
136	115	535	0	89.333	
137	124	537	0	94.667	
138	112	520	0	94.667	
139	96	533	0	96.667	
140	85	536	0	62	
141	74	539	0	76.667	
142	98	490	0	89.333	
143	96	495	0	15.333	
144	92	493	0	61	
145	90	489	0	53.667	
146	86	487	0	94.667	
147	110	478	0	99.333	
148	94	445	0	98.667	
149	93	412	0	94.333	
150	100	406	0	99.333	
151	109	400	0	91.667	
152	99	389	0	98	
153	94	386	0	84.333	
154	76	404	0	87.667	
155	115	403	0	90	
156	120	400	0	88	
157	122	406	0	91.667	
158	128	409	0	73.667	
159	122	410	0	60	
160	118	410	0	97.333	
161	115	414	0	67.667	
162	114	421	0	16.333	
163	122	418	0	87	
164	119	424	0	57.667	
165	116	429	0	68.333	
166	122	428	0	59.667	
167	125	426	0	74.667	
168	130	423	0	4.667	
169	127	427	0	58.667	
170	133	425	0	41.333	
171	136	425	0	81	
172	138	430	0	82.667	
173	135	430	0	75.333	
174	131	433	0	44.667	
175	128	433	0	2.667	
176	128	436	0	56.667	
177	133	437	0	73.333	
178	133	441	0	58	
179	129	441	0	42.333	
180	123	441	0	82	
181	123	435	0	3.333	
182	118	436	0	31.333	
183	123	438	0	65	
184	121	433	0	13.333	
185	141	442	0	79.333	
186	142	457	0	10	
187	141	382	0	113.667	
188	197	503	0	25.333	
189	202	498	0	84.333	
190	195	500	0	60	
191	188	498	0	81	
192	183	499	0	26	
193	182	502	0	95	
194	183	495	0	93.333	
195	194	495	0	70.667	
196	194	489	0	49	
197	207	488	0	83	
198	215	483	0	63.333	
199	222	467	0	79.667	
200	222	496	0	10.333	
201	221	491	0	28.333	
202	219	485	0	80.667	
203	221	480	0	69.667	
204	227	479	0	41.333	
205	223	485	0	22	
206	225	490	0	60.333	
207	228	485	0	74.667	
208	230	479	0	40	
209	234	481	0	13.333	
210	233	487	0	55.667	
211	236	485	0	84.333	
212	234	490	0	69.333	
213	234	494	0	52	
214	251	492	0	48.333	
215	175	485	0	86.667	
216	171	486	0	57.667	
217	168	486	0	82.333	
218	168	490	0	92.667	
219	160	487	0	43.667	
220	154	486	0	95.333	
221	158	486	0	59	
222	160	482	0	21	
223	164	483	0	71.333	
224	163	480	0	84.333	
225	162	474	0	92	
226	167	470	0	64.333	
227	166	466	0	44.333	
228	168	462	0	73	
229	163	465	0	65.667	
230	161	468	0	84.667	
231	152	469	0	60	
232	151	476	0	71	
233	149	471	0	68.667	
234	145	474	0	87.667	
235	144	470	0	17.333	
236	146	466	0	42.333	
237	142	465	0	91.333	
238	136	471	0	92	
239	137	479	0	94	
240	140	475	0	82.667	
241	127	476	0	97	
242	131	474	0	52.333	
243	124	471	0	95	
244	127	465	0	95.667	
245	168	439	0	73.333	
246	143	418	0	98.333	
247	136	400	0	94.667	
248	138	404	0	84	
249	144	395	0	92.667	
250	149	380	0	79	
251	145	374	0	29.333	
252	138	369	0	89	
253	131	362	0	84	
254	125	363	0	40.667	
255	132	352	0	90.333	
256	142	359	0	90	
257	143	364	0	87.667	
258	145	369	0	88.333	
259	149	372	0	73.333	
260	152	364	0	89.333	
261	148	358	0	94.333	
262	145	357	0	28.333	
263	143	349	0	93.667	
264	147	343	0	80.667	
265	152	342	0	53.333	
266	156	342	0	83	
267	155	334	0	89.667	
268	158	345	0	40	
269	153	345	0	2	
270	151	350	0	20	
271	150	355	0	57.333	
272	154	353	0	66	
273	157	355	0	90	
274	159	350	0	4.667	
275	162	350	0	69	
276	156	349	0	32.333	
277	162	356	0	94	
278	170	346	0	91	
279	148	321	0	61.667	
280	161	310	0	92	
281	164	298	0	3	
282	170	292	0	79.333	
283	182	290	0	58.667	
284	175	289	0	92	
285	175	284	0	66.333	
286	178	284	0	76	
287	182	282	0	75.667	
288	186	284	0	46	
289	185	277	0	88.667	
290	181	277	0	87.667	
291	168	278	0	90.667	
292	170	273	0	82.667	
293	183	258	0	64.667	
294	200	235	0	83.333	
295	200	247	0	85.667	
296	197	236	0	55	
297	208	231	0	84.333	
298	219	233	0	86.333	
299	220	236	0	9.333	
300	212	239	0	85	
301	212	247	0	58.333	
302	208	249	0	71	
303	195	258	0	46	
304	191	260	0	63	
305	194	263	0	34	
306	192	267	0	86	
307	196	273	0	90.333	
308	156	368	0	59	
309	153	373	0	78	
310	157	373	0	80.333	
311	162	372	0	62	
312	158	377	0	7	
313	159	381	0	9.333	
314	164	378	0	84	
315	164	383	0	83	
316	158	390	0	90.333	
317	161	393	0	52	
318	158	397	0	79	
319	155	401	0	10.667	
320	152	402	0	59.667	
321	151	408	0	91.667	
322	156	405	0	70.333	
323	159	406	0	74.333	
324	163	403	0	89.333	
325	163	397	0	52.333	
326	168	398	0	83.333	
327	168	392	0	78.333	
328	168	388	0	15	
329	171	386	0	12	
330	168	370	0	83	
331	165	365	0	46.667	
332	174	366	0	94.333	
333	175	361	0	40.333	
334	173	357	0	62	
335	179	357	0	91.333	
336	178	351	0	27.667	
337	179	345	0	64.333	
338	186	342	0	91	
339	185	355	0	18	
340	188	351	0	72	
341	194	352	0	92.333	
342	195	347	0	49.333	
343	178	461	0	96.667	
344	182	457	0	96	
345	178	453	0	88.333	
346	183	450	0	62.333	
347	175	449	0	83.667	
348	179	445	0	82	
349	179	440	0	93	
350	179	434	0	69.333	
351	178	424	0	93	
352	186	434	0	83	
353	190	425	0	87	
354	194	425	0	85.667	
355	201	426	0	88	
356	211	430	0	81	
357	203	432	0	87.333	
358	198	432	0	86	
359	194	433	0	30.667	
360	190	438	0	3.333	
361	182	445	0	47	
362	189	445	0	67.667	
363	190	449	0	63.333	
364	189	453	0	90.667	
365	192	446	0	81	
366	196	449	0	86.333	
367	197	444	0	1.667	
368	197	454	0	78.333	
369	205	452	0	45.333	
370	203	447	0	64.667	
371	205	442	0	21.333	
372	200	440	0	87	
373	197	436	0	79.667	
374	204	438	0	66	
375	210	438	0	33.333	
376	212	443	0	46	
377	207	447	0	54.667	
378	211	447	0	52	
379	213	451	0	53	
380	221	452	0	74.667	
381	218	448	0	51.667	
382	216	444	0	61	
383	219	440	0	12.333	
384	222	444	0	1	
385	223	448	0	8.667	
386	226	452	0	7	
387	223	440	0	68.333	
388	227	444	0	67.333	
389	231	448	0	10.333	
390	227	448	0	0.667	
391	230	442	0	60.667	
392	234	446	0	12.667	
393	237	444	0	84.667	
394	241	444	0	92.667	
395	242	448	0	16.667	
396	238	448	0	12.667	
397	234	450	0	22	
398	240	453	0	91	
399	243	453	0	34	
400	250	451	0	89.333	
401	247	447	0	31.667	
402	247	443	0	6	
403	246	439	0	21	
404	242	439	0	12.667	
405	238	439	0	3.333	
406	233	438	0	79.333	
407	235	434	0	6.333	
408	240	435	0	40.667	
409	244	436	0	2.667	
410	243	431	0	84.667	
411	248	433	0	1.667	
412	249	436	0	87.333	
413	247	430	0	23.333	
414	250	440	0	12.333	
415	252	443	0	0.333	
416	252	447	0	48.667	
417	259	447	0	13.667	
418	256	448	0	5.667	
419	264	453	0	89.667	
420	263	447	0	7.333	
421	268	447	0	13.333	
422	271	447	0	10	
423	272	444	0	67	
424	266	443	0	40.333	
425	260	443	0	2	
426	257	443	0	9	
427	255	439	0	38.667	
428	260	439	0	15.333	
429	264	440	0	79.333	
430	264	435	0	67.667	
431	259	435	0	3.667	
432	255	434	0	25.333	
433	252	433	0	24	
434	231	426	0	67.667	
435	223	421	0	59.667	
436	211	415	0	9.667	
437	208	414	0	42	
438	207	417	0	57.667	
439	201	417	0	84.333	
440	202	413	0	91.667	
441	206	413	0	71	
442	201	409	0	82	
443	223	403	0	34	
444	191	408	0	51.333	
445	185	408	0	60.667	
446	174	410	0	88.667	
447	170	411	0	77.333	
448	163	415	0	69.667	
449	168	408	0	54.667	
450	172	405	0	79.667	
451	177	397	0	85	
452	178	401	0	62	
453	184	404	0	69.333	
454	175	404	0	37.667	
455	173	398	0	61	
456	173	393	0	21.667	
457	176	388	0	62.667	
458	180	393	0	79.667	
459	183	399	0	84	
460	181	405	0	35.667	
461	189	393	0	83.667	
462	184	394	0	39.667	
463	191	397	0	36.333	
464	193	401	0	80	
465	188	400	0	72.667	
466	188	404	0	11	
467	204	403	0	83.333	
468	200	400	0	16	
469	196	399	0	41	
470	198	393	0	89.333	
471	195	390	0	74.333	
472	194	394	0	7.667	
473	192	389	0	28.333	
474	204	397	0	88.333	
475	211	399	0	39.333	
476	216	402	0	77.667	
477	208	403	0	5	
478	207	398	0	28.333	
479	206	394	0	12.333	
480	203	388	0	41.333	
481	199	388	0	2.333	
482	195	387	0	64.667	
483	198	381	0	40	
484	193	381	0	82	
485	192	375	0	37	
486	190	370	0	1.667	
487	186	372	0	75.333	
488	194	365	0	73.667	
489	197	368	0	51.333	
490	206	356	0	77.333	
491	213	360	0	70	
492	221	364	0	45.667	
493	214	367	0	92.333	
494	208	368	0	36	
495	201	375	0	79.333	
496	201	382	0	2	
497	207	377	0	64	
498	210	377	0	75.667	
499	210	382	0	77	
500	209	387	0	47	
501	212	389	0	83.333	
502	215	396	0	32.667	
503	211	392	0	4.667	
504	220	390	0	63	
505	220	393	0	4	
506	215	391	0	4.333	
507	217	386	0	23	
508	221	381	0	47	
509	220	386	0	53.667	
510	219	379	0	17.667	
511	219	371	0	83.333	
512	213	372	0	28	
513	282	453	0	91.333	
514	277	449	0	54.667	
515	283	443	0	51.333	
516	282	438	0	11	
517	286	437	0	1.667	
518	287	444	0	22.667	
519	288	448	0	2.667	
520	293	449	0	17.333	
521	290	445	0	22	
522	291	440	0	14	
523	290	436	0	45.667	
524	288	431	0	82.667	
525	281	428	0	66.333	
526	277	429	0	80.333	
527	272	431	0	82.333	
528	274	434	0	65.667	
529	274	439	0	88.333	
530	294	432	0	88	
531	298	426	0	65	
532	305	433	0	41.333	
533	300	431	0	5	
534	296	435	0	15	
535	299	436	0	14	
536	304	438	0	26	
537	305	442	0	13.333	
538	303	445	0	95	
539	298	446	0	22	
540	293	445	0	1.333	
541	300	443	0	19.667	
542	296	439	0	50	
543	286	418	0	86.667	
544	290	416	0	81.667	
545	305	418	0	93.667	
546	275	422	0	94.333	
547	275	416	0	91.667	
548	267	409	0	28.333	
549	271	405	0	69.333	
550	263	405	0	47	
551	239	418	0	70.667	
552	235	413	0	5	
553	335	438	0	93	
554	338	437	0	69.333	
555	339	433	0	90.667	
556	330	432	0	31.333	
557	256	425	0	83.667	
558	260	428	0	57.333	
559	259	420	0	84	
560	266	417	0	84.667	
561	261	416	0	86.333	
562	261	410	0	75	
563	253	418	0	81.333	
564	256	413	0	18.333	
565	252	414	0	1.333	
566	253	423	0	14.667	
567	249	419	0	82.333	
568	246	414	0	35.667	
569	250	411	0	87.667	
570	256	410	0	24.667	
571	259	406	0	78.667	
572	253	405	0	32.667	
573	247	406	0	43	
574	257	400	0	66.333	
575	261	395	0	87.333	
576	262	389	0	47.333	
577	254	394	0	54.333	
578	255	388	0	58	
579	254	383	0	64	
580	257	378	0	15.333	
581	248	402	0	60.333	
582	243	401	0	81	
583	236	403	0	16.333	
584	242	408	0	8	
585	238	398	0	56	
586	234	395	0	32.333	
587	239	392	0	71.667	
588	246	395	0	82.667	
589	244	390	0	78.333	
590	247	386	0	6	
591	247	382	0	70.667	
592	261	376	0	34.667	
593	265	371	0	87.667	
594	259	371	0	15	
595	258	368	0	72	
596	264	365	0	66	
597	270	363	0	83.333	
598	276	363	0	83	
599	278	358	0	8	
600	273	357	0	27	
601	281	367	0	75.333	
602	278	371	0	8.667	
603	287	370	0	4.667	
604	288	374	0	84.333	
605	279	376	0	30	
606	274	376	0	79.333	
607	268	377	0	66	
608	270	380	0	73.333	
609	275	381	0	76.667	
610	279	381	0	78	
611	276	387	0	61.667	
612	280	389	0	35.667	
613	276	399	0	35.333	
614	278	406	0	11.667	
615	282	398	0	93.667	
616	285	390	0	62.333	
617	284	383	0	75.333	
618	287	379	0	76.333	
619	290	383	0	75	
620	292	391	0	4.667	
621	289	387	0	2.667	
622	288	390	0	9.333	
623	286	400	0	1	
624	287	396	0	21.667	
625	290	405	0	18	
626	291	400	0	1.667	
627	292	396	0	63	
628	296	398	0	60.667	
629	295	402	0	9	
630	293	406	0	67.667	
631	297	413	0	97	
632	296	408	0	22.333	
633	298	404	0	3.333	
634	299	400	0	0.333	
635	304	401	0	1.667	
636	306	407	0	31.333	
637	309	409	0	32.667	
638	304	405	0	62.667	
639	309	404	0	7	
640	313	404	0	70.333	
641	316	401	0	66.667	
642	322	409	0	60	
643	327	396	0	88	
644	318	397	0	86.333	
645	314	394	0	2.667	
646	312	398	0	5.667	
647	308	399	0	59.333	
648	302	396	0	3	
649	306	392	0	11	
650	306	396	0	47	
651	306	388	0	23	
652	306	383	0	59	
653	302	383	0	56.333	
654	299	381	0	8	
655	294	381	0	23	
656	294	384	0	4.333	
657	294	388	0	2.667	
658	298	386	0	31.333	
659	301	387	0	0.667	
660	301	391	0	4.667	
661	297	392	0	1.333	
662	296	395	0	46.667	
663	299	396	0	1.667	
664	297	389	0	3.667	
665	378	382	0	11.667	
666	382	386	0	71.667	
667	387	383	0	85	
668	394	380	0	75.333	
669	409	371	0	88	
670	414	372	0	82.667	
671	420	328	0	83.333	
672	418	323	0	82	
673	417	328	0	81	
674	413	328	0	68.333	
675	410	323	0	31.667	
676	407	326	0	100.333	
677	401	321	0	88.333	
678	402	316	0	94	
679	402	309	0	52	
680	395	310	0	57.333	
681	388	312	0	88	
682	396	298	0	14.333	
683	400	300	0	85.667	
684	399	294	0	92.333	
685	399	288	0	80	
686	394	284	0	22.333	
687	374	284	0	84.667	
688	368	293	0	17.333	
689	408	303	0	74.667	
690	412	302	0	59.667	
691	417	296	0	53.333	
692	418	309	0	87	
693	421	308	0	40.333	
694	426	302	0	59.667	
695	431	298	0	50.333	
696	435	294	0	82.333	
697	431	290	0	64.333	
698	423	290	0	77.333	
699	421	283	0	88.333	
700	425	277	0	60.333	
701	428	274	0	53.667	
702	427	268	0	71.333	
703	433	269	0	82.333	
704	437	266	0	32.333	
705	439	258	0	66.667	
706	433	259	0	22.333	
707	428	258	0	82.333	
708	437	255	0	91	
709	444	236	0	87	
710	450	231	0	25.333	
711	420	273	0	78.333	
712	391	258	0	79.667	
713	413	238	0	54.667	
714	421	234	0	29.667	
715	414	228	0	80.667	
716	419	225	0	86.667	
717	431	221	0	48.667	
718	429	215	0	50.667	
719	415	219	0	3.333	
720	413	215	0	44.333	
721	405	232	0	76	
722	389	195	0	96	
723	181	314	0	89.333	
724	186	314	0	76.667	
725	188	310	0	8.667	
726	191	307	0	25	
727	196	311	0	73	
728	195	307	0	81.667	
729	199	305	0	54.333	
730	203	305	0	73.333	
731	201	300	0	92.667	
732	205	300	0	92	
733	209	296	0	7.667	
734	205	316	0	80.333	
735	201	315	0	87.333	
736	202	311	0	14	
737	199	319	0	2	
738	194	324	0	4	
739	192	319	0	88.667	
740	192	327	0	91.667	
741	196	333	0	95	
742	198	336	0	51.333	
743	203	329	0	85	
744	200	324	0	79	
745	197	321	0	50.333	
746	375	562	0	71.667	
747	277	567	0	56.333	
748	278	577	0	88	
749	270	572	0	35.667	
750	265	569	0	51	
751	266	565	0	89.667	
752	229	566	0	98.667	
753	159	571	0	1.333	
754	153	578	0	36.667	
755	148	575	0	12.333	
756	143	573	0	33	
757	142	577	0	35.667	
758	137	573	0	96.667	
759	138	580	0	82.333	
760	88	576	0	97.667	
761	374	581	0	17	
762	370	584	0	94.667	
763	344	626	0	90.667	
764	290	585	0	85	
765	234	611	0	93	
766	208	606	0	83.667	
767	200	605	0	95	
768	199	596	0	96.333	
769	72	591	0	82.333	
770	60	580	0	97.667	
771	46	538	0	7	
772	355	426	0	95.333	
773	349	423	0	81.667	
774	343	430	0	24.333	
775	330	428	0	5	
776	337	423	0	85	
777	336	416	0	68.333	
778	337	428	0	14.333	
779	341	411	0	11.333	
780	337	410	0	76.667	
781	333	411	0	89	
782	346	420	0	33.667	
783	345	415	0	81	
784	349	415	0	79.667	
785	355	418	0	87.667	
786	355	413	0	7	
787	359	410	0	90.333	
788	354	408	0	37	
789	350	409	0	73.333	
790	347	408	0	60	
791	351	404	0	76.333	
792	358	402	0	1.333	
793	350	400	0	50.667	
794	345	401	0	82.667	
795	347	396	0	80.333	
796	341	395	0	70.333	
797	351	393	0	92.667	
798	354	397	0	89	
799	357	390	0	12.333	
800	358	384	0	58.333	
801	353	389	0	29	
802	352	381	0	85	
803	348	383	0	77.667	
804	343	389	0	45.667	
805	345	386	0	83.667	
806	337	388	0	17	
807	331	390	0	13.333	
808	335	384	0	78	
809	339	378	0	63.667	
810	333	379	0	82.333	
811	328	378	0	63.333	
812	323	379	0	73.333	
813	323	383	0	26	
814	323	387	0	57.333	
815	323	375	0	69.667	
816	331	384	0	67.333	
817	319	384	0	87.333	
818	315	387	0	62.333	
819	315	382	0	27.333	
820	316	378	0	61.667	
821	314	372	0	2	
822	308	376	0	37	
823	307	370	0	85	
824	303	377	0	72.333	
825	304	368	0	4.333	
826	299	368	0	84	
827	293	367	0	23.667	
828	292	363	0	79.333	
829	296	359	0	71.333	
830	305	361	0	56	
831	310	361	0	81	
832	297	355	0	74.667	
833	302	350	0	80.333	
834	310	350	0	83.333	
835	311	354	0	55.333	
836	315	353	0	54	
837	303	357	0	3.333	
838	310	357	0	2.333	
839	316	358	0	15.333	
840	315	362	0	1.333	
841	318	360	0	49.667	
842	322	358	0	75.667	
843	319	368	0	83.333	
844	325	365	0	62.667	
845	330	364	0	58	
846	323	361	0	32.333	
847	335	366	0	80.333	
848	333	370	0	95.333	
849	342	371	0	81	
850	347	372	0	69.333	
851	344	377	0	86.333	
852	347	368	0	17.333	
853	352	376	0	39.333	
854	358	375	0	82	
855	363	375	0	84.333	
856	371	375	0	69.667	
857	376	379	0	99.667	
858	382	375	0	84.333	
859	383	368	0	95.667	
860	378	362	0	85	
861	380	358	0	55	
862	387	361	0	74	
863	393	360	0	83.667	
864	391	355	0	81.667	
865	397	355	0	28.333	
866	384	351	0	85	
867	394	349	0	14.333	
868	402	344	0	17.333	
869	385	342	0	68.333	
870	387	335	0	66	
871	385	327	0	55.667	
872	382	331	0	21.333	
873	374	358	0	77.333	
874	371	355	0	48	
875	368	352	0	3.333	
876	370	367	0	31	
877	358	366	0	11.333	
878	361	366	0	82.667	
879	362	358	0	74	
880	355	356	0	6.667	
881	356	350	0	55.667	
882	357	343	0	54.667	
883	347	353	0	11.333	
884	348	358	0	14.667	
885	343	361	0	78	
886	337	358	0	47.667	
887	334	353	0	55	
888	329	352	0	63.333	
889	323	349	0	12	
890	317	348	0	82.667	
891	308	344	0	79.667	
892	249	374	0	86.333	
893	243	373	0	89.333	
894	247	378	0	13.667	
895	239	379	0	78.667	
896	239	385	0	20.333	
897	238	388	0	2	
898	233	392	0	5	
899	228	395	0	3.667	
900	223	395	0	1.333	
901	224	391	0	6	
902	228	391	0	0.333	
903	232	387	0	2	
904	235	385	0	2	
905	230	383	0	3.667	
906	227	386	0	7	
907	223	387	0	11.333	
908	225	382	0	65.333	
909	227	378	0	55.667	
910	224	374	0	78.333	
911	226	370	0	80	
912	230	371	0	81.667	
913	235	370	0	91.333	
914	237	366	0	84.333	
915	246	366	0	90	
916	251	365	0	71.667	
917	229	362	0	74.667	
918	235	359	0	65.667	
919	231	355	0	60.333	
920	230	349	0	75.667	
921	242	350	0	70.333	
922	246	346	0	84	
923	250	356	0	49	
924	249	352	0	10.667	
925	246	359	0	73.333	
926	245	355	0	28	
927	241	362	0	34.667	
928	245	362	0	69.333	
929	367	336	0	89	
930	364	340	0	9	
931	372	335	0	6.333	
932	371	329	0	73.333	
933	373	324	0	46.333	
934	370	319	0	75.667	
935	377	316	0	29	
936	372	314	0	54.333	
937	362	324	0	81.333	
938	356	327	0	80.667	
939	360	331	0	10.667	
940	351	327	0	55.667	
941	342	334	0	82.667	
942	346	337	0	24	
943	349	343	0	19.333	
944	348	349	0	22.333	
945	343	358	0	2.333	
946	343	354	0	2	
947	338	354	0	1	
948	344	350	0	35	
949	339	350	0	1.333	
950	335	349	0	1.667	
951	327	346	0	79.333	
952	328	341	0	63	
953	321	339	0	62.333	
954	325	336	0	88	
955	330	336	0	75.667	
956	334	335	0	68	
957	338	336	0	58	
958	335	340	0	52	
959	336	343	0	16.333	
960	339	346	0	23.667	
961	344	343	0	42.667	
962	341	342	0	64.333	
963	250	340	0	82.667	
964	246	342	0	24	
965	241	343	0	0.667	
966	241	346	0	26.667	
967	236	343	0	30.667	
968	233	344	0	8.667	
969	228	344	0	64	
970	224	345	0	10.333	
971	221	343	0	60	
972	214	342	0	84.667	
973	210	345	0	89	
974	209	335	0	80	
975	205	338	0	9	
976	207	342	0	19.333	
977	210	340	0	8.333	
978	217	336	0	63.333	
979	222	336	0	85	
980	228	341	0	6.333	
981	224	340	0	87.667	
982	230	337	0	82.333	
983	232	340	0	44.333	
984	240	339	0	34.333	
985	245	338	0	31.333	
986	246	334	0	4	
987	242	334	0	14.667	
988	237	334	0	2	
989	234	336	0	37.333	
990	233	332	0	69.333	
991	228	332	0	37.667	
992	223	333	0	2.667	
993	218	332	0	6	
994	215	332	0	6.333	
995	209	331	0	8.667	
996	206	331	0	64	
997	212	330	0	4.333	
998	210	326	0	7	
999	206	325	0	15.333	
1000	212	320	0	78.667	
1001	214	325	0	7.333	
1002	218	326	0	1.667	
1003	218	321	0	75.333	
1004	223	324	0	78	
1005	222	328	0	68.333	
1006	217	329	0	2	
1007	228	327	0	56.333	
1008	229	323	0	16.667	
1009	227	318	0	60.333	
1010	222	318	0	81.333	
1011	215	315	0	72.333	
1012	216	309	0	5.667	
1013	218	314	0	42.333	
1014	224	314	0	25.667	
1015	227	314	0	76.667	
1016	231	313	0	29	
1017	235	311	0	21.667	
1018	232	307	0	69.667	
1019	236	314	0	15.333	
1020	240	316	0	3	
1021	244	315	0	56	
1022	247	314	0	32.667	
1023	248	319	0	12.667	
1024	250	325	0	72.333	
1025	248	330	0	74	
1026	244	325	0	72.667	
1027	239	329	0	81	
1028	244	329	0	0.333	
1029	238	325	0	11	
1030	235	327	0	4	
1031	232	328	0	6.667	
1032	234	323	0	14	
1033	238	321	0	8.667	
1034	237	317	0	33.667	
1035	233	317	0	9	
1036	245	319	0	8.333	
1037	241	320	0	3.667	
1038	230	317	0	19	
1039	213	312	0	16.333	
1040	220	311	0	2.333	
1041	225	310	0	5	
1042	230	310	0	21.333	
1043	229	303	0	48	
1044	228	298	0	9	
1045	223	297	0	52.667	
1046	218	300	0	68.667	
1047	218	303	0	40.333	
1048	224	301	0	13.667	
1049	217	291	0	28	
1050	218	296	0	11.667	
1051	222	289	0	86.333	
1052	219	283	0	42.333	
1053	212	281	0	82.667	
1054	214	275	0	74.333	
1055	213	271	0	35.667	
1056	207	271	0	90	
1057	206	266	0	92.333	
1058	211	267	0	86.667	
1059	212	262	0	44.333	
1060	210	258	0	52.667	
1061	205	260	0	85	
1062	217	262	0	18	
1063	223	263	0	71.667	
1064	219	266	0	6.667	
1065	219	270	0	86.667	
1066	224	270	0	71.333	
1067	230	273	0	52	
1068	219	275	0	48	
1069	226	276	0	31.333	
1070	219	279	0	35	
1071	226	286	0	79.667	
1072	228	293	0	53	
1073	228	282	0	77.333	
1074	224	279	0	11.333	
1075	232	279	0	48	
1076	233	283	0	55.333	
1077	231	289	0	57.333	
1078	236	289	0	83.667	
1079	242	289	0	75	
1080	247	291	0	63.333	
1081	242	292	0	35.333	
1082	236	292	0	1.667	
1083	237	296	0	79.333	
1084	243	296	0	58.333	
1085	247	295	0	44	
1086	252	296	0	69	
1087	253	300	0	74	
1088	249	299	0	6.333	
1089	243	301	0	75	
1090	240	300	0	21.333	
1091	235	300	0	55.333	
1092	244	305	0	21	
1093	242	308	0	42.333	
1094	245	312	0	62.333	
1095	239	311	0	15.667	
1096	359	318	0	73	
1097	361	314	0	86.667	
1098	366	314	0	13	
1099	356	312	0	35.333	
1100	361	307	0	83.333	
1101	360	302	0	70.667	
1102	367	301	0	76.333	
1103	367	305	0	23	
1104	371	301	0	2	
1105	372	305	0	21	
1106	374	309	0	6.667	
1107	377	312	0	27.667	
1108	370	310	0	18.333	
1109	365	310	0	6	
1110	361	310	0	0.667	
1111	363	302	0	28.667	
1112	352	319	0	70	
1113	348	322	0	47	
1114	347	318	0	47.333	
1115	351	316	0	28.667	
1116	340	318	0	50.667	
1117	341	323	0	23	
1118	339	326	0	79.667	
1119	333	329	0	60.667	
1120	336	324	0	21	
1121	331	321	0	78.333	
1122	324	323	0	74	
1123	323	327	0	70	
1124	323	331	0	51.667	
1125	317	334	0	82.667	
1126	321	335	0	40	
1127	314	337	0	49.667	
1128	311	338	0	10.667	
1129	305	337	0	87	
1130	309	333	0	82	
1131	310	329	0	73	
1132	299	329	0	84.667	
1133	296	325	0	68.667	
1134	300	322	0	85	
1135	305	326	0	63	
1136	303	330	0	42	
1137	306	322	0	81	
1138	311	323	0	85.667	
1139	317	322	0	79.667	
1140	317	327	0	77.667	
1141	320	318	0	85	
1142	312	318	0	55.667	
1143	309	318	0	78	
1144	300	318	0	67	
1145	293	316	0	79.333	
1146	286	320	0	62.333	
1147	282	317	0	49.333	
1148	279	314	0	30.667	
1149	282	310	0	60.667	
1150	285	313	0	34	
1151	291	312	0	22	
1152	297	312	0	52.667	
1153	297	308	0	71.333	
1154	296	303	0	62.333	
1155	300	305	0	58.667	
1156	304	303	0	80.667	
1157	305	309	0	78.333	
1158	310	308	0	39.333	
1159	309	311	0	78	
1160	300	311	0	6.667	
1161	306	314	0	5	
1162	301	314	0	20.333	
1163	304	318	0	6	
1164	314	314	0	10.667	
1165	314	310	0	1.333	
1166	310	314	0	5.667	
1167	315	317	0	10.667	
1168	318	312	0	59.333	
1169	322	312	0	12	
1170	324	318	0	11.333	
1171	328	318	0	3	
1172	332	317	0	13.333	
1173	331	314	0	76.667	
1174	328	310	0	77.667	
1175	325	315	0	30	
1176	333	310	0	21.333	
1177	337	307	0	79.333	
1178	343	310	0	81.667	
1179	337	313	0	11.333	
1180	334	314	0	8	
1181	337	318	0	54.667	
1182	341	314	0	2	
1183	345	314	0	0.333	
1184	348	314	0	21.333	
1185	347	310	0	12.667	
1186	351	309	0	3	
1187	352	313	0	3	
1188	356	308	0	8.333	
1189	355	303	0	12.667	
1190	351	305	0	11.333	
1191	346	306	0	77	
1192	341	306	0	20	
1193	332	306	0	3	
1194	329	306	0	3.333	
1195	323	306	0	62.667	
1196	319	307	0	9.667	
1197	316	304	0	77.667	
1198	312	302	0	62.333	
1199	307	299	0	28.333	
1200	305	295	0	50.667	
1201	298	298	0	42.667	
1202	302	292	0	7.333	
1203	296	290	0	80.667	
1204	293	297	0	60	
1205	294	293	0	39	
1206	293	302	0	15.333	
1207	291	306	0	42	
1208	286	303	0	59.333	
1209	288	308	0	17.667	
1210	288	300	0	13.667	
1211	288	295	0	3.667	
1212	290	291	0	1.333	
1213	294	287	0	73	
1214	300	285	0	76.333	
1215	312	281	0	77	
1216	311	284	0	30.667	
1217	308	289	0	1	
1218	313	289	0	69.667	
1219	319	289	0	84	
1220	308	295	0	4.667	
1221	313	293	0	6.667	
1222	318	293	0	18	
1223	324	292	0	79.333	
1224	311	298	0	1	
1225	316	296	0	7	
1226	320	296	0	1	
1227	325	296	0	22	
1228	325	300	0	8.333	
1229	319	300	0	9.333	
1230	313	300	0	6.667	
1231	319	304	0	14.333	
1232	325	303	0	2.333	
1233	329	303	0	12.333	
1234	329	299	0	6.667	
1235	330	295	0	1.667	
1236	329	291	0	3.667	
1237	329	287	0	7.333	
1238	325	288	0	78.333	
1239	319	284	0	2.667	
1240	320	279	0	80.667	
1241	327	281	0	78.667	
1242	335	282	0	70.667	
1243	330	284	0	2.333	
1244	326	284	0	48.667	
1245	324	281	0	12.667	
1246	412	37	0	86.333	
1247	382	48	0	91.667	
1248	403	55	0	9	
1249	414	62	0	67.333	
1250	420	61	0	17	
1251	421	71	0	75.667	
1252	413	72	0	88	
1253	416	76	0	49	
1254	412	80	0	97.667	
1255	397	70	0	96.667	
1256	422	92	0	55	
1257	429	105	0	97.667	
1258	433	130	0	24.667	
1259	444	163	0	73.333	
1260	447	159	0	70.333	
1261	447	167	0	42.333	
1262	445	179	0	30	
1263	434	179	0	50	
1264	430	173	0	76.333	
1265	430	167	0	84	
1266	433	163	0	78	
1267	435	167	0	14	
1268	425	171	0	31	
1269	416	171	0	73	
1270	417	175	0	44	
1271	416	179	0	71	
1272	419	181	0	45	
1273	413	179	0	46.667	
1274	404	179	0	37.333	
1275	403	174	0	58.667	
1276	400	180	0	85.333	
1277	397	173	0	88.333	
1278	409	174	0	86	
1279	407	166	0	32.333	
1280	409	162	0	79	
1281	413	159	0	65	
1282	416	166	0	53.667	
1283	402	162	0	62	
1284	386	169	0	77.333	
1285	373	179	0	79.333	
1286	372	183	0	81.667	
1287	368	153	0	78.333	
1288	302	109	0	73	
1289	286	120	0	47.667	
1290	288	126	0	46.333	
1291	292	126	0	72.667	
1292	288	132	0	84.667	
1293	296	136	0	8	
1294	283	127	0	24	
1295	276	130	0	68.333	
1296	277	138	0	59	
1297	272	140	0	70.333	
1298	238	176	0	21.667	
1299	237	191	0	82	
1300	235	199	0	26.667	
1301	233	206	0	85.667	
1302	228	201	0	48.333	
1303	226	220	0	83	
1304	232	249	0	52	
1305	226	255	0	39.667	
1306	230	256	0	74.333	
1307	241	253	0	72.667	
1308	243	246	0	1.333	
1309	246	255	0	10.667	
1310	247	260	0	63.333	
1311	239	259	0	79.667	
1312	234	260	0	83.333	
1313	231	261	0	12.667	
1314	233	268	0	79.667	
1315	240	267	0	84	
1316	229	268	0	13	
1317	235	275	0	83.667	
1318	242	275	0	19	
1319	247	274	0	68.333	
1320	245	268	0	46.333	
1321	247	280	0	77.333	
1322	242	281	0	16.333	
1323	237	284	0	23.333	
1324	242	285	0	0.333	
1325	246	285	0	12.667	
1326	249	288	0	28	
1327	253	285	0	79.667	
1328	252	290	0	73.667	
1329	254	281	0	82.667	
1330	251	275	0	24.667	
1331	260	279	0	17.333	
1332	261	270	0	75.333	
1333	255	267	0	79.667	
1334	257	258	0	71.333	
1335	263	258	0	78.667	
1336	258	254	0	15	
1337	256	251	0	80	
1338	255	246	0	81.667	
1339	249	242	0	70.667	
1340	250	238	0	84.667	
1341	240	236	0	77.667	
1342	243	232	0	52	
1343	240	228	0	15.667	
1344	243	224	0	19.333	
1345	238	224	0	70.667	
1346	238	218	0	12.333	
1347	237	211	0	63	
1348	240	210	0	37	
1349	241	205	0	67.333	
1350	244	204	0	25.333	
1351	243	213	0	46	
1352	248	214	0	53.333	
1353	252	212	0	58	
1354	251	206	0	82.333	
1355	255	203	0	68	
1356	254	197	0	35	
1357	249	195	0	75	
1358	248	200	0	3.667	
1359	260	199	0	59.667	
1360	264	207	0	66.333	
1361	260	207	0	68	
1362	260	212	0	56.333	
1363	265	213	0	62.333	
1364	269	211	0	36.667	
1365	276	209	0	77	
1366	282	212	0	73.333	
1367	289	210	0	85.667	
1368	294	211	0	82.333	
1369	260	246	0	10.333	
1370	268	243	0	81.333	
1371	268	238	0	47.667	
1372	259	239	0	85.667	
1373	261	234	0	80.667	
1374	256	233	0	91.333	
1375	250	231	0	84.667	
1376	250	224	0	3.667	
1377	251	219	0	4.333	
1378	257	222	0	3.333	
1379	256	228	0	76	
1380	260	225	0	28	
1381	263	222	0	89.667	
1382	262	217	0	7.333	
1383	265	216	0	3	
1384	270	217	0	3	
1385	276	219	0	77.333	
1386	276	213	0	85	
1387	277	227	0	0.333	
1388	272	223	0	15.333	
1389	267	224	0	71.333	
1390	272	227	0	58	
1391	274	233	0	78	
1392	268	231	0	58.667	
1393	270	234	0	69.667	
1394	261	229	0	1.667	
1395	283	236	0	89.667	
1396	282	230	0	11	
1397	279	233	0	0.667	
1398	282	225	0	46.667	
1399	281	221	0	9.667	
1400	281	216	0	59.667	
1401	286	221	0	5.667	
1402	287	227	0	19	
1403	293	219	0	73	
1404	299	217	0	73	
1405	305	221	0	51.333	
1406	311	224	0	39.333	
1407	309	228	0	81	
1408	302	225	0	2.667	
1409	305	227	0	40	
1410	299	223	0	6.333	
1411	294	223	0	3.333	
1412	290	224	0	14	
1413	292	229	0	4.667	
1414	297	228	0	23.667	
1415	301	230	0	5.333	
1416	306	232	0	0.333	
1417	311	231	0	2	
1418	302	234	0	71.333	
1419	297	236	0	22.333	
1420	293	235	0	67.333	
1421	295	239	0	47	
1422	288	234	0	0.667	
1423	288	237	0	16.333	
1424	310	235	0	80	
1425	305	237	0	9.333	
1426	303	240	0	63	
1427	299	243	0	40.667	
1428	291	244	0	68.333	
1429	285	246	0	79	
1430	281	248	0	73.667	
1431	272	248	0	61.667	
1432	272	258	0	17	
1433	268	263	0	77.333	
1434	266	270	0	44.667	
1435	271	266	0	76.667	
1436	270	271	0	55.667	
1437	276	263	0	65.667	
1438	282	260	0	80.667	
1439	285	253	0	81.667	
1440	289	255	0	70	
1441	291	251	0	77.667	
1442	295	248	0	26.333	
1443	295	243	0	45.667	
1444	276	248	0	3.333	
1445	264	281	0	81	
1446	268	274	0	39	
1447	262	274	0	48	
1448	276	277	0	4	
1449	280	277	0	75	
1450	286	277	0	16.333	
1451	290	285	0	44.667	
1452	286	288	0	65	
1453	285	282	0	7.667	
1454	280	282	0	28.333	
1455	276	281	0	14.333	
1456	272	281	0	1.667	
1457	266	282	0	19.667	
1458	260	290	0	62.667	
1459	264	289	0	20.333	
1460	268	290	0	57.667	
1461	272	288	0	28.667	
1462	275	285	0	2	
1463	279	287	0	2.333	
1464	283	286	0	6.333	
1465	284	291	0	51	
1466	288	292	0	16.333	
1467	279	291	0	2.333	
1468	276	290	0	1	
1469	271	292	0	9	
1470	267	294	0	27.333	
1471	264	292	0	6.667	
1472	260	293	0	73.667	
1473	257	293	0	26.333	
1474	254	292	0	30.333	
1475	257	287	0	7.333	
1476	260	287	0	14.333	
1477	258	298	0	8.333	
1478	255	297	0	13.333	
1479	256	300	0	15.333	
1480	256	305	0	36.667	
1481	251	304	0	41.333	
1482	247	303	0	68.333	
1483	248	307	0	52.333	
1484	251	311	0	5.667	
1485	251	308	0	26.333	
1486	256	309	0	8	
1487	260	306	0	27.667	
1488	260	302	0	4.333	
1489	263	298	0	6.667	
1490	270	298	0	23.667	
1491	274	295	0	7.333	
1492	277	294	0	1	
1493	280	296	0	27.667	
1494	284	295	0	9.333	
1495	285	301	0	20.667	
1496	282	299	0	29.333	
1497	278	301	0	9	
1498	274	298	0	10.667	
1499	269	301	0	7.667	
1500	265	299	0	2.667	
1501	265	302	0	7	
1502	264	306	0	1	
1503	263	309	0	35	
1504	265	312	0	10.667	
1505	269	313	0	1	
1506	274	311	0	22.333	
1507	277	306	0	4.333	
1508	277	309	0	4.667	
1509	281	305	0	2	
1510	275	303	0	3.333	
1511	271	302	0	16.667	
1512	273	306	0	2.667	
1513	268	305	0	1.667	
1514	266	308	0	15	
1515	271	309	0	11	
1516	293	281	0	67.333	
1517	301	275	0	78	
1518	305	273	0	57	
1519	294	273	0	70	
1520	293	277	0	43.333	
1521	289	272	0	13	
1522	287	268	0	1	
1523	290	263	0	3.333	
1524	293	263	0	67.333	
1525	298	260	0	24	
1526	300	267	0	42.667	
1527	304	265	0	58.667	
1528	333	301	0	75	
1529	344	298	0	78.333	
1530	355	299	0	15	
1531	352	294	0	61.333	
1532	354	289	0	25.667	
1533	355	283	0	7	
1534	347	283	0	39.333	
1535	343	284	0	86	
1536	349	289	0	58.667	
1537	345	294	0	5.667	
1538	343	289	0	82	
1539	337	293	0	44.667	
1540	338	298	0	43	
1541	336	290	0	80	
1542	336	286	0	31.667	
1543	329	278	0	0.667	
1544	334	272	0	4.333	
1545	324	272	0	87	
1546	403	145	0	76	
1547	397	150	0	3.667	
1548	393	152	0	13.667	
1549	390	145	0	71.667	
1550	388	139	0	35.333	
1551	392	136	0	29.333	
1552	394	132	0	93.333	
1553	387	130	0	2.333	
1554	380	132	0	32.667	
1555	373	132	0	13	
1556	380	136	0	45.667	
1557	375	142	0	82	
1558	368	130	0	19.333	
1559	367	125	0	74.667	
1560	373	120	0	67	
1561	369	115	0	37.667	
1562	373	108	0	54.333	
1563	363	110	0	88.667	
1564	364	103	0	67.333	
1565	351	105	0	81.667	
1566	349	111	0	71.333	
1567	348	117	0	82	
1568	362	122	0	71.333	
1569	362	128	0	65.667	
1570	332	101	0	10.333	
1571	330	94	0	57.667	
1572	334	89	0	24.667	
1573	346	94	0	88	
1574	356	88	0	84.667	
1575	346	87	0	94.667	
1576	349	79	0	36	
1577	351	75	0	22	
1578	334	76	0	67.667	
1579	338	82	0	6	
1580	331	80	0	74	
1581	322	84	0	47.667	
1582	319	79	0	42	
1583	315	86	0	93	
1584	320	90	0	76	
1585	288	154	0	90.667	
1586	295	158	0	59.333	
1587	298	155	0	28.333	
1588	304	161	0	67.667	
1589	311	156	0	81	
1590	312	160	0	60.333	
1591	322	163	0	3.333	
1592	330	162	0	89.333	
1593	285	162	0	20	
1594	290	167	0	45	
1595	281	167	0	78.333	
1596	280	179	0	82.333	
1597	290	197	0	68.667	
1598	296	196	0	62.667	
1599	301	192	0	17.667	
1600	300	188	0	73.667	
1601	314	198	0	93	
1602	321	221	0	80.667	
1603	331	208	0	57.333	
1604	346	216	0	26.333	
1605	356	207	0	82.333	
1606	363	215	0	67.667	
1607	355	225	0	33.333	
1608	351	226	0	14	
1609	343	231	0	181.333	
1610	309	181	0	29	
1611	305	179	0	50	
1612	300	178	0	79.333	
1613	299	173	0	24.333	
1614	294	172	0	8	
1615	299	164	0	42.333	
1616	309	170	0	62.667	
1617	312	168	0	78.667	
1618	310	164	0	7	
1619	302	168	0	2	
1620	304	171	0	8.667	
1621	315	177	0	6.333	
1622	319	176	0	81.333	
1623	318	172	0	74.333	
1624	318	168	0	79.667	
1625	326	168	0	56.333	
1626	323	171	0	70	
1627	323	177	0	80	
1628	319	182	0	6	
1629	322	187	0	10.333	
1630	327	186	0	70.667	
1631	331	183	0	65	
1632	329	177	0	12.333	
1633	336	176	0	65.333	
1634	332	171	0	56	
1635	337	168	0	31	
1636	344	168	0	76	
1637	347	169	0	69	
1638	356	173	0	90.333	
1639	354	176	0	69.333	
1640	344	172	0	48	
1641	343	177	0	15.667	
1642	348	179	0	32.333	
1643	342	180	0	85	
1644	336	184	0	25.667	
1645	337	190	0	3.667	
1646	336	195	0	73.667	
1647	342	192	0	85.667	
1648	348	193	0	66.667	
1649	348	186	0	67	
1650	342	185	0	37.333	
1651	353	183	0	64.667	
1652	359	189	0	10.333	
1653	360	192	0	77.667	
1654	369	192	0	61.333	
1655	372	196	0	81.667	
1656	377	196	0	89.667	
1657	372	202	0	81.667	
1658	367	198	0	3.333	
1659	361	198	0	20.667	
1660	357	198	0	77	
1661	351	199	0	60	
1662	346	199	0	1.333	
1663	339	198	0	42.667	
1664	368	206	0	76.333	
1665	379	202	0	61	
1666	385	208	0	9.667	
1667	379	208	0	81.333	
1668	368	209	0	58	
1669	374	209	0	0.667	
1670	376	213	0	32	
1671	380	212	0	12.667	
1672	387	217	0	31.667	
1673	377	218	0	68.333	
1674	396	221	0	87.333	
1675	372	227	0	8.333	
1676	370	223	0	59	
1677	375	224	0	55	
1678	381	224	0	37.667	
1679	389	225	0	89.333	
1680	392	233	0	78.333	
1681	383	229	0	77.333	
1682	391	242	0	54.333	
1683	384	246	0	68	
1684	382	237	0	83.667	
1685	377	233	0	35	
1686	376	237	0	16.333	
1687	371	232	0	36.333	
1688	366	233	0	81.333	
1689	361	232	0	77.333	
1690	356	233	0	86.333	
1691	349	236	0	25.333	
1692	349	240	0	58.667	
1693	344	241	0	78.667	
1694	340	240	0	81	
1695	331	234	0	76.333	
1696	324	229	0	71.333	
1697	318	229	0	12.333	
1698	316	237	0	77.667	
1699	322	236	0	38.333	
1700	322	243	0	77.667	
1701	311	241	0	1.667	
1702	312	245	0	71.667	
1703	307	245	0	64	
1704	304	248	0	0.333	
1705	302	251	0	66.333	
1706	299	256	0	2.333	
1707	306	256	0	71	
1708	315	254	0	82.333	
1709	321	249	0	72.667	
1710	315	259	0	75	
1711	315	263	0	69.333	
1712	321	263	0	7	
1713	324	267	0	33.333	
1714	331	267	0	49.333	
1715	335	260	0	56	
1716	327	262	0	4	
1717	323	258	0	38	
1718	329	251	0	60	
1719	328	255	0	17.333	
1720	333	247	0	34	
1721	337	250	0	45.333	
1722	339	245	0	48.667	
1723	333	243	0	11.667	
1724	331	239	0	45	
1725	326	247	0	14.333	
1726	355	247	0	35	
1727	363	240	0	60.333	
1728	370	240	0	37	
1729	373	246	0	6	
1730	377	247	0	42	
1731	376	255	0	85	
1732	375	259	0	40.333	
1733	381	261	0	17	
1734	375	262	0	90.667	
1735	372	266	0	61	
1736	371	270	0	8.667	
1737	370	273	0	91.333	
1738	367	277	0	90.667	
1739	358	278	0	62	
1740	352	279	0	81	
1741	357	274	0	66.667	
1742	349	273	0	78	
1743	345	275	0	81	
1744	340	273	0	46.333	
1745	341	266	0	84	
1746	348	267	0	80	
1747	354	269	0	90.333	
1748	361	267	0	74.333	
1749	355	265	0	81.333	
1750	356	260	0	44	
1751	349	262	0	46	
1752	357	256	0	68	
1753	363	254	0	82.333	
1754	364	258	0	79	
1755	367	262	0	84.333	
1756	370	248	0	70.333	
1757	362	248	0	27.333	
1758	364	244	0	74.333	
1759	352	255	0	23.667	
1760	346	254	0	44.667	
1761	345	258	0	68	
1762	340	260	0	54.667	
